,0,1,2,3,4,5,6,7
0,6.841841283772355,7.909433276868247,5.497385120605553,6.275050670492853,6.124786759730295,5.631327677338977,6.3415775086366954,6.317886046415184
1,7.7402360069588925,9.009032477018255,6.542477959716223,6.784757217070136,6.970435254036401,7.600692402067394,7.674950051187855,7.347192245071521
2,8.17115235851376,7.742148953777656,8.742276600139853,6.784822785410627,6.4798201298161375,7.719532306920892,6.946130015216165,6.527971739151966
3,6.6777551745362915,8.385395154321175,7.761536020835329,7.719444160390332,7.501719143490665,7.76306557169141,7.360252619967942,8.43506089233905
4,8.018900863001567,6.443272820579916,8.289189343148237,8.501395952665186,7.646969314236111,6.8257054924475815,6.338094199073373,5.4606571464751
5,4.861466133397413,6.409248868882942,5.161010197032173,5.395693168133786,5.194046706903321,4.328324567921672,5.1800075510648345,5.53064767051554
6,6.92964576098399,5.7017371155535574,5.375559097980943,4.574617122175689,6.611450415421178,6.123991639247754,5.884806567773688,5.6871911724553526
7,7.172926649629401,6.535358055041915,4.8240001438376385,6.149289533757117,5.266868487197456,6.8822063188293345,4.192257924928339,5.832920089474519
8,6.495935723569371,4.866268573550128,6.402546671133428,4.81081927626511,7.136641366960108,6.363135756031099,5.202907830167864,5.052811853287132
9,5.991947940883664,5.168906229078343,4.196071518930267,4.750373203218656,6.174639849817204,5.8421236509328605,4.718881430800608,4.870770275091576
10,4.141994300899057,6.563949983836192,5.526245993154063,5.038312800672065,6.870064829295108,4.681786151419119,5.201104041941132,5.726950215064524
11,5.747547120832542,5.907410169967307,8.222786407939045,5.983008525876224,6.644189891786628,7.398602296140818,6.897768361504383,6.714922202198988
12,7.7950598064258,5.696768090156588,5.351344700798156,6.755098431019864,6.263612403245709,6.179623713342707,8.084457520779406,6.429215354204131
13,6.541880046254191,5.560578455915839,7.570579371219136,7.663629376207757,6.446991905270768,7.621740046736173,5.11291720542872,6.568511381602946
14,5.218878996734176,4.514581029652676,5.7069697576193015,7.618532437368188,6.130036564993931,6.521834608930207,5.977130521834185,5.972397876896386
15,6.397471989679788,7.509434106925152,8.514637476338757,7.248651280858113,8.1042636980792,7.2579977495474575,7.233593328456856,8.45560839198274
16,5.3659501008114,5.253774302478978,5.721310484244451,5.379802161105004,6.154021069848616,6.8411907580101605,5.418107833922094,5.428746303174979
17,7.142323028980901,7.110973574805614,6.460440051300247,5.45961829705428,7.2062284714358515,6.865291383592723,6.960684549005828,5.899089599306102
18,5.942192885661409,6.518852917737829,6.383035111442371,7.616918147601347,7.165975529384398,6.247497036068349,6.450158936487985,7.23606777407933
19,7.0324992956850965,5.939111950747756,6.642525970829748,5.82559329304198,6.904607571620372,5.804579726353123,6.631271314408507,6.379807705506938
20,8.10539375879279,5.3946955807972525,7.192858714209831,6.955381716144741,8.009820594709144,7.174607839624939,6.330458646953188,6.04021161004012
21,6.290546576866552,5.273206412819238,4.80464279405509,5.399263452990853,6.122205587454141,6.447371082059723,6.674313915504908,6.1935284498453775
22,6.798081853583433,6.062650846286902,6.1042188370824295,5.677681591022162,5.8216749502039145,5.811191809477098,7.341461830409122,7.26651012320238
23,7.351185724869192,8.959905023213334,9.23633770003395,6.604129707023713,10.104415579472295,7.598485740306599,7.230299155318432,8.219544652366366
24,7.116176575275969,4.637569398672116,7.241154337428855,4.976351923262466,6.5951630430695,7.6115132065839655,5.629601392048924,7.099782284947339
25,5.482034691184651,4.905795905690878,6.552920066401222,6.639087923813186,5.48095208815021,7.7914383162752285,6.347370410673534,6.125841187178757
26,6.676053250104619,5.925449476676141,5.141661345771507,6.235727012434917,5.37340788887593,6.035667986422921,6.523448861647095,5.813861414635822
27,5.6364827155083805,5.624526332221125,4.990469222723348,4.876217360260808,5.330264069222883,6.2532075346198015,4.639774309140551,5.709805578877813
28,5.651367151504201,6.204237889878083,5.800017913429576,5.222500679543899,5.858491674357161,5.773797029928368,6.151949153494064,5.2305411984060415
29,7.599011603264833,6.686069113173699,6.325266798257057,4.508690586515266,6.819623164004569,5.638073018299628,7.678494860446542,7.667482198472766
30,5.644845844722642,5.569637131079184,6.930529055670949,5.04498618159305,6.996088457017222,6.139997483183008,8.064654554785017,5.56372308541346
31,4.259935537147063,4.4817593920405265,4.426204808632837,5.564703373009426,4.356940612864751,5.263009165360099,5.120363208614378,3.270434175808284
32,5.968323104268861,7.957027166636118,6.198299400390577,8.406356162874731,7.083457141258072,9.498084903703822,6.41394290016462,8.348541057043615
33,6.273307770259615,7.462102763209551,6.848444992867307,5.982975753441616,8.07050530985454,5.641955352345686,7.550689191140556,6.651770072263015
34,4.449852869148335,5.443741404233445,4.583956983320738,4.519386381912621,3.905468645362158,5.0119187061375365,5.345433519125976,4.873075803878728
35,4.36727260269712,5.835759751195379,5.1015067222845145,6.621478838394594,5.170135005016913,5.382223198297873,4.644157593360179,4.373076758952541
36,5.8844311917726015,4.293591908886261,4.733451667086595,4.80401847506479,5.053725358747684,5.386415805280489,5.707003119493634,4.571258724945719
37,5.194950007342869,6.650092658883362,5.734162994278645,6.931458624289785,6.610043204625545,5.65400227345902,4.991696446271447,4.341429875526366
38,3.4821770650674555,5.77146296856749,4.04832645409241,4.714716084212658,4.375002465826242,5.749265459196155,4.108061031402019,5.432630143555687
39,7.0290282647926,6.137359429206766,7.738893379977013,7.3577002495016,6.844591527489785,7.588217534614241,7.853887979604071,4.874497546245191
40,8.244014059081602,7.850281587243965,7.970932937785706,8.455628921046266,6.6427157705824955,5.120399435795119,7.921841346945218,6.337763226168532
41,4.162955495208697,6.904577770127488,6.580737164301297,5.490585006860217,5.645051221105441,5.645789967582811,7.119822501071864,6.10013054108291
42,4.338274226148577,5.909006209995543,4.799149934868713,5.457381753766985,5.569300709055199,5.870345385537267,5.785347015640802,7.051108009536491
43,8.970749650065112,6.043246094198645,8.150989290182862,9.05242217365931,6.8648422718589295,9.264821874402863,8.454966291054857,7.131708136793392
44,6.510907245261542,6.783156141092571,5.838952663077864,7.459240569194053,6.345684594327431,5.0549687538514805,5.930865264491656,5.720264509329637
45,7.305323232448119,6.5471119895135175,5.64889994450019,6.819778034423118,6.432942871462838,7.122723083537182,4.631177845465216,6.378520089587658
46,6.276957158455463,5.580358446567767,5.371728509394392,7.0409332593851754,6.808562719661976,6.159609626740862,5.644785043443518,7.270183494697372
47,7.1126789078224775,5.582458145628685,4.6556399057443265,5.033364821481446,6.212311490836966,4.3920846805785425,5.697067419253931,7.446129986462886
48,5.1080255192010116,5.350856137640563,6.079867905586064,4.435149006013742,5.647900727727913,5.741383597501557,6.393426841936652,5.6994500519178874
49,6.034059846333642,4.251974107542998,5.299663798976984,5.370482604604815,4.375903679536343,4.547327520399092,5.706640988333087,5.806635192261038
50,7.680493021239139,7.8004686728118084,5.414831766980574,7.831112447740263,6.9494857085228325,6.716126572114625,6.622120395252174,6.942474122333101
51,5.4622832949412565,6.670837409399619,6.250261240938389,7.695828875100147,6.536627858880542,6.94817472453566,7.248250061411679,4.739168377902106
52,6.298463463880389,7.6816634276428655,7.415865230862917,6.608366948912047,6.251400799679707,8.38991794877753,5.9769736609454105,6.904669316942068
53,5.035893430790228,6.786726135937588,5.039039280147602,5.750821185293111,6.020181952285256,5.048346144687192,6.908938259295398,5.858744157423928
54,5.698230248337393,6.643079917947357,5.260202507892143,6.3844699989728335,5.152880927517214,5.671584188192828,5.676685114969592,5.113509999029375
55,6.999549492324382,5.230527493972344,5.8165352116186,7.946405593521407,7.090960868848177,7.48391332585914,7.138000560360553,7.144628545791332
56,4.569711057928791,6.325103889740199,4.807707850885366,6.7251513950421895,6.074140834613249,6.416060686925244,7.250266613029117,5.613208366323267
57,8.658078672118377,8.806192455542465,6.30017491249048,7.968575930200901,6.5918500561171705,6.94620615603835,6.805164317070943,6.869199462878032
58,7.657087658375763,8.072375274894808,5.119406891119015,7.009269922325369,7.274440398416536,6.400387585514654,6.065385182625837,8.502630821095394
59,4.428824582805476,7.435167412620529,4.630253721408297,6.82568273758462,5.526537395896461,5.1748499555313545,5.93065026785153,5.188606444597988
60,5.400640000398564,6.517200202038928,6.262582943588155,6.869943802462281,5.785878430720943,5.90063627442951,7.900789237858986,6.580822659459003
61,5.823349677488629,7.979750693827459,6.341391097883421,7.986520168840582,7.681713094728725,6.802612227461293,7.443123182698865,6.635400100308371
62,5.828469688509498,6.208484692145924,6.807678290633618,5.525544412846076,6.953236235137012,6.486999196458652,5.680379251430365,7.284722464698106
63,5.7139393368726346,7.095914667051427,6.781682863039223,5.761845214966526,7.097342570269539,6.106648532132307,6.4583106460261295,6.657546671629977
64,6.060586902631269,7.5476659473163386,5.754389980866796,7.153520079821054,6.228514698302569,7.020931279125416,7.088484570583561,7.804700185047186
65,6.328875686770844,6.6082503910136055,5.938373166411431,5.927948315297985,4.964683652211424,4.842075867305218,6.925617743595173,5.811155428243474
66,8.124387449544127,8.075282220999378,5.6384690267479245,8.229065922749795,5.993520769198463,6.569543780185912,5.449509252292679,7.546435722990267
67,8.05155575085575,7.0865655463268755,8.30732147132372,6.600649264721221,7.375535926099242,6.158927898882774,7.309652017154818,7.755266392765908
68,6.218809533100439,6.474593521939279,5.037308052650191,6.557237624116969,5.323022787301169,6.0339634777067666,5.676565648865424,5.833933112088828
69,7.662043759033323,7.162593587869747,6.875071074331626,5.71094440024941,5.315802304356165,7.224601934761574,6.33449256401656,7.109292431909436
70,5.0079373818422015,8.265767253931745,5.281430231858513,6.2075231984551165,8.272248992687935,6.158918649576977,5.310258955680188,7.11792803642641
71,9.04649971180779,7.004213389429121,7.89877547914972,6.437397348888377,6.295430775211955,7.607414686337183,5.5879632400954895,8.31372537780971
72,8.228441105322982,6.604228924015646,7.1726000269887145,7.709575613405344,7.07178852292268,7.333065537546438,5.959649428661136,7.263882315947332
73,7.422116627929047,6.387100260355608,6.8295943737215055,7.651545199588079,7.003604964809879,7.8597512158349705,7.500583920538172,6.234049340281305
74,6.647259679167896,6.321956990783597,5.157135384158949,5.984177838319251,5.261674403732468,4.200526543479183,5.433196556262176,7.490020900328655
75,4.156509347787109,5.464747928625367,5.994405524556755,5.915282639476415,5.489345165928192,5.632140962556113,5.11712282603848,7.380977003744506
76,4.932108663519662,4.856268568838831,4.883569132767697,4.607253970382651,4.678732092528136,5.1335726548814975,5.105368589170517,5.432445776045629
77,8.30331199938785,6.747274965045836,7.760256061982812,8.25224064258622,8.924586653270621,5.948474671891858,9.294102584492954,7.533272934925204
78,6.42917733978405,5.372527574525574,7.02524578900124,6.2126340547145675,5.712129564230037,6.822648511181835,5.862011594278631,5.853175481154661
79,6.153273036701942,7.885331841348138,5.993768021667484,5.696878188282652,5.487310274594607,5.82868401828311,6.4188530661498495,7.500270798930127
80,5.554238706692045,5.5888017429587284,5.9828974725026525,4.356797875143538,4.0746098905507,5.628469594997357,5.314898076936877,4.617484031811809
81,6.821076439884615,7.313237162702692,7.585926465724204,6.369045287323183,5.642684898640995,8.00359474898982,6.190605388442133,6.446410441335434
82,5.852539717145408,7.442498957343057,6.2118871853572175,6.611714343866835,5.8952439013595495,6.853351825427564,6.466019093487378,4.605367521694623
83,7.7119808610028935,6.086973555081889,6.405202401277205,5.239703138621618,5.510390588604808,7.022676740596394,4.494846503967842,6.281318293187214
84,7.408550736012128,6.452330681521354,4.6774726637886355,7.558508954655125,5.139835255968258,6.033869509519895,5.756954765776261,5.677200085472917
85,5.941333641334402,7.124704364513128,7.151145052340665,7.94023903817625,7.11382359120737,6.0183122791457295,8.007521424620629,6.193519213463275
86,5.734607791506801,6.432760105235722,5.040056101602008,5.532231775503293,6.175506141046136,4.813764489952605,5.487739834748811,4.876315574701859
87,4.8939146007299845,5.215099355073705,5.697589686132083,4.744261997219171,6.355779966750479,5.472971955496595,5.481205550660867,6.223260990378278
88,8.084854026151525,7.598939211241963,8.243859961219297,6.616590696364601,6.033647410642085,5.9973718693706415,7.869018777358697,6.596503244142072
89,6.072404791582922,4.866251212115882,5.931615670680783,5.267621149161559,7.038102881718726,4.72262714203455,5.808353359467324,6.8129750384211745
90,7.490438600623862,7.216483555210382,7.781659439029461,5.338990450587142,7.414842711633148,5.636640863645953,7.428051919510863,7.866623790893972
91,6.889399134800563,6.5813567782571285,6.515055105875151,4.690259776577882,5.263132415742277,6.636986768009523,6.18192420238887,6.6167312226908725
92,7.064418617065483,5.6707522901073935,6.155799640665953,5.007366059870065,5.164375224726966,6.990943634907765,7.289393166322536,4.381755482039769
93,5.092580810317204,6.578884397395655,3.948984829085036,4.469203623502058,5.378823204407993,6.3460957930667945,6.840057401824783,6.044315040871185
94,7.130066463640535,6.2738083580184805,6.612238949136653,6.418609163553892,6.295479714016969,6.362124470770664,5.0050707180449585,5.519760773066747
95,5.670432777076538,6.756635352678425,6.095379798351395,6.543805223073824,7.311198609289218,4.903800660492953,5.194395284179319,5.6420841044287915
96,6.713016464710462,7.413485369555224,5.755203482847008,7.146940446791783,5.315067914891032,7.262450666665458,7.723347528184296,7.349668847851793
97,6.629069107074031,7.1540736461317245,5.215883777621523,6.378163965530732,7.9168075920795005,5.8432999707276965,7.233922994015261,7.433151964041395
98,4.679258330320892,5.008943098324626,7.121676100830562,7.326699150395538,5.001741118504738,6.330771238067983,6.484834341246395,5.513230629133522
99,6.969712540139313,5.748949359716013,6.5655768541571655,6.484672233081082,5.016459444376508,6.895139936166531,9.44123096202507,6.9221082102300535
