,0,1,2,3,4,5,6,7
0,8.482028275921907,7.009824211511229,5.4551583636066665,6.407788807667415,6.395814148734123,6.656402704997104,6.684961906137526,6.088158650692764
1,6.365990749852878,7.15465903723052,6.1391680127993125,4.654981748196488,6.3674223059602735,5.607606596403326,6.612872559944634,8.201664862001058
2,5.354935808056367,5.129995165929259,4.91381213529055,5.03588537074858,5.331136796661362,5.057140683262902,3.8171113322931944,4.965578947865441
3,6.114288102660529,7.3199014716382464,4.976819884587993,3.6108411377604313,5.946887044423233,5.940342583560262,7.165562607526866,6.218963932832406
4,6.3496759697590655,7.969512711471742,6.313061451941627,5.161032082317999,6.993540897927772,5.8804027590127035,6.260496461592136,5.571261260236581
5,4.742928370138807,7.117049053011094,6.178988791889566,6.2720431427138905,5.4930983568081855,7.0408711930053665,4.580386135884138,6.305784114828187
6,5.21138140947731,5.999106458133877,5.9221684041214155,5.656086769941238,5.828565305819372,6.074337226222855,4.56992742547417,6.537383079878089
7,7.88139780659403,4.935028510749898,5.928180778587336,6.368875382437418,6.3776358770341455,7.524223902556687,8.329321138692295,7.81382259561942
8,4.913282993673438,6.066140538474133,4.935985395329429,4.503333581829583,5.316058628309604,4.4290935280058,4.0715176803494915,4.246546327719478
9,7.214800773709391,6.964111014029021,6.266970269320445,7.845863667036767,6.60660438511462,6.941231187594545,6.2370133942097965,5.94556085564858
10,3.901280137477082,4.782121357744776,5.695298443128233,5.531820717813283,5.05603165010687,4.4804491388553105,5.154678114641682,5.428138288952995
11,8.167022514673018,8.067706881525647,7.63775650476515,7.794029237622761,6.694462027894314,6.8211146873184205,6.1933284290985915,8.628719227242142
12,5.354596803933212,4.807546223611561,4.356705812763948,4.7122676012504465,4.3145994437288415,4.749377558577771,4.2866428714033935,5.8387515512565225
13,5.388638495443664,4.484308892371882,5.573635835783562,4.298860737401601,5.280225563256225,4.577193049057365,4.703953158199808,5.104425001145682
14,6.812645638861266,5.115192344788683,5.809677759450286,6.731112067122636,6.793918070769176,4.918932891964164,5.9569189677664305,4.8444793003530515
15,5.778226845342206,7.993271928946823,7.791960377155965,6.656980779601303,8.120524207414707,7.246369877378443,5.120756318187951,5.900899633247441
16,6.212373439828568,7.065763344500669,6.226345744051448,4.49921853323439,4.927524607862533,5.222603225501661,5.344232668655605,5.637643986572388
17,5.6023310352206375,6.755563877626928,6.898767736112685,7.090480855904567,6.24982916468956,6.703929492051113,5.4456832262706385,8.24820617313921
18,4.198299311637096,4.840215770193051,4.3962776172207985,5.081232354863415,4.673272057074159,5.061021595843235,4.885345570371989,5.189732550991752
19,5.987920651032034,5.369228311436555,5.076749260585833,4.863199982922957,5.237584422239366,6.218696012433583,6.1292408420433935,5.756648376165193
20,6.136387312613648,5.376780245953512,7.036466517266786,7.82813325425658,6.838275170308743,9.104971212628325,6.00538045344689,8.41500290767438
21,5.680392449331044,7.9032217412000225,7.118471546601812,7.459978898286743,6.1043779329263135,6.457924673426718,6.339732376723151,8.073549341035777
22,5.900527726904463,7.912833133124202,6.897957993118672,4.402391484526023,6.7661499838154056,5.670243329640073,8.253434642428118,5.6593062989975875
23,5.618267263567505,6.741586725095653,5.873947867750164,6.3395371437403,6.64978911195378,6.291018938869949,8.047689824316556,7.073044961547353
24,5.497257787504771,6.334678188879109,7.856996128655208,6.422092137676072,7.26223237062754,6.344439879603301,6.64024853957003,5.75727773591705
25,7.360106578329133,6.895154371072011,7.834272052766852,6.4926340893688845,6.393843681139623,6.588208187197883,5.967215773787284,6.536997769993608
26,5.254909762072577,7.324009083960142,5.391002619436994,5.926192450906823,5.778654069400588,5.587713098279431,6.243897657300694,4.822780393862749
27,7.440110771930898,7.281344431185763,6.108172869870509,5.193355747773839,6.938063185130343,5.9387485479073945,6.283972090650992,7.588977910847907
28,7.819145454098496,6.98358923968076,5.944492603755754,5.756231446433366,5.600576066387386,6.4639534489047845,8.33426479615702,6.289804192261841
29,6.5773617727791756,6.903905732227407,6.940405147962781,5.658947329894287,6.9992134442034075,7.984544239445375,6.552668669463641,6.464594792512121
30,5.762826015653147,6.121369094849935,4.509260806708241,4.936501869595788,5.149736996840011,5.4340048906607095,5.896720963493768,5.682151325073917
31,6.1527990163327555,6.645522532875265,7.217481855090918,6.551157914491131,6.330175380982446,7.704297323099117,8.161402708920201,6.3524739676744355
32,6.221976766629983,6.197624318703738,5.100993392952605,5.157875158250052,5.804353241290002,5.979262185532916,7.151684122505221,6.092468172796862
33,6.809177607682217,7.601083322553986,5.4903285722719435,6.885727613910432,5.956025684620859,7.752807404171035,5.8407243433793115,4.700536416209169
34,9.532544711998925,5.491479185288038,7.767878836153116,5.556695782255069,7.581440499945693,7.150808105777393,6.548142675136911,6.437280435174045
35,6.339909233693037,5.627285244260023,4.784841202967332,5.64300754457093,6.2003241680914805,5.9036380827384205,4.678979532099084,6.097783206085745
36,5.2980254228245505,5.1844445560726236,5.151195266811413,5.6830899537909545,5.010788561645083,5.544935040251856,5.587908797653253,5.575325789580155
37,7.280285198166084,3.956057232615197,6.266327144588142,7.106677507483403,4.36674171315605,7.179773249094109,6.984343045174169,5.797351096168806
38,4.664422058061985,6.952171726598539,5.13049947124593,5.8316286757202,7.074268275122823,5.118493613829445,4.8558956390376835,5.085141833253531
39,6.2578100301058095,5.182664441163959,6.717744672422206,4.904030277146931,5.4090230177486625,4.510936225756014,5.678509171109372,4.236866344186048
40,5.833074514602799,7.951658815803788,8.885233272844667,6.993031147893346,6.8441639228596305,8.042208944719373,8.273315032889666,6.0884494845519
41,4.522545228350958,4.220485933835381,4.450469866365097,4.455027794790759,6.793067331621534,4.349490783610762,4.966884118820834,4.381123546095158
42,5.5967701129311695,8.464924316783938,5.191076100895809,7.908588313671707,8.100559783582186,7.87493618886947,7.13646971875065,7.65909902366396
43,7.6069371029295425,6.8560954802495875,6.841375194375874,6.229614757716633,6.014872445399183,3.114450493102667,5.408095738566539,6.434613720873965
44,8.114299820296342,6.104619491382823,6.783647611290892,7.1721855675448944,6.9709325997133975,6.026160952903585,4.935226445999842,5.097237542226753
45,6.352850721272921,5.516301077244211,6.826374013663936,6.16467290758388,4.748731306604778,6.241918487997851,6.73507127840051,6.969545693272251
46,7.900339192006637,8.92561126044042,7.6235828146819165,6.483865549301491,7.327652315382804,6.9149794184155065,8.509646044618474,10.307428217148116
47,7.083505849410555,8.11274037478998,5.766616301603436,8.139899559388144,7.264813772706453,7.222455152510694,7.629839263604948,8.896692507528597
48,5.5294850161000175,4.643403156128431,6.922053610723871,5.263799067945246,5.17666089606467,6.037225938363136,5.835162059513169,4.660630560546755
49,5.5327737945791,6.338910928535999,6.682015408492904,4.314177146890127,5.137182810999749,6.118464370919671,5.836772737518091,4.513641283390283
50,5.363195385051962,6.559650043518811,6.580091379872237,7.646262773768575,5.5650912433333755,6.627230830502404,6.581695301164403,7.081137494682491
51,4.3373603817483986,7.071715684370676,4.9881135123117275,5.495699236327297,6.546948789902881,4.144078530447837,6.0801773103251415,5.010574438221999
52,6.369831489795191,6.976965420385405,6.640390189440046,7.33521563915091,6.004413264906093,9.681379563643699,6.846251304771527,6.506730865663533
53,5.087717940486216,6.954188551185549,6.519771337536961,6.82313703064003,5.8325935859485645,6.169128669775881,6.251280618546769,6.01216686950503
54,4.747098803568504,7.641038842187786,7.06174431533384,5.343594750226787,6.229122533515598,4.332583623594169,5.753705974690044,5.458044965386841
55,6.243858545072697,7.056782969570017,7.238479590500204,5.528589491996763,4.924043496100835,5.971694504136468,6.441897587928982,5.2630128665553375
56,5.235052451413965,6.188539425924893,5.371363923916037,5.0752578684260765,6.073524296115204,5.919453899248924,5.17002689641293,5.086772878111836
57,6.754918706045574,6.68699871383679,5.851787664639725,5.1422450760523235,5.792830551399804,4.802825659058477,6.214052291211613,5.12483660909277
58,6.543125029614193,10.214635708801453,7.768375757754071,9.288156451239129,9.45006742965013,8.012969911929659,8.688746305405132,7.5831436938331285
59,6.495353560753389,6.390407394571269,6.810225341317896,5.9258365290110975,5.672475304801913,6.389184330647316,5.81861922533622,6.219904670979608
60,6.600360483139324,6.810447657447522,5.752103478484122,5.716355633011461,4.635566357532316,6.516954337254107,5.818040992050628,6.599793466049661
61,5.213515447024845,5.99656909802747,7.993079018781865,8.051171446753802,8.592548510465527,6.474979146118417,5.08998795879969,6.344827011628264
62,5.705185163586258,6.538167097920737,6.07995277195699,6.233999123455133,5.652407995407227,5.947622923197001,6.384967595558355,5.332159832662332
63,7.4745552446385055,5.823413626468564,5.389722578891777,7.662667553535721,5.792315094065751,6.466660122084126,7.681871341063875,6.953448540859881
64,5.411634615415693,5.952907436585762,5.735325661361473,6.073726120727863,5.433715737248302,6.475206547376448,6.203056738565447,5.670788170712063
65,7.236839477682651,6.336295972292288,7.651001182433559,7.927015534096291,6.038740094244513,7.623863079668259,6.254679230456181,6.100364622416233
66,6.058838045521024,6.964506228645622,6.571229117031642,4.7468314846591895,6.4988565967370855,5.518177482802947,5.804471655368798,5.700643180360136
67,5.948809898472397,5.672009239119282,5.3525645808762174,7.14808349638361,5.196888644425852,6.289730849740914,6.513918083814086,4.208649490613052
68,5.633013376606319,6.276653565223555,7.092723119585911,6.415997450118916,5.365213014236001,7.984327416802341,6.30674650631281,3.6837647266786773
69,9.174089396471997,8.98031245745877,6.00149697345688,8.159016981863697,9.005511200919504,9.558549069402265,8.351845781465867,10.115842390585243
70,7.847531599409176,6.809957999092564,7.868896838156729,7.321792159921261,6.568587190638887,9.830416076316316,7.805359204483676,6.132898938923085
71,5.794830893936112,6.711526146744491,7.110725205531868,6.75019619949202,8.33984144074981,7.800674180047687,8.483616423794034,8.10105343455201
72,5.1989956891042945,5.670657733857566,4.906302453075445,5.050318907101511,5.286123253840378,5.396939791970242,4.83291518227153,6.156642747435919
73,6.5456354153088,7.761735161103649,7.801075072978615,7.04144734159431,6.729968898452076,6.9715082413827965,8.0768305656336,5.829304144723985
74,7.388199571587981,6.360896799271259,6.7871393765582555,6.576543454460863,6.59627317633939,4.81260257751501,6.273326277380495,5.262147648491871
75,6.488265308326321,6.501185492702649,6.34371852736188,6.189959738548032,7.1932613485565815,4.937483664038061,7.005308863477118,6.70211626707444
76,7.903888612659117,8.166069149267416,6.795295151757536,5.980685649014844,4.138651555195754,7.433188776371459,8.752230385871016,8.667639840026263
77,6.3717710410901685,5.536221086526981,7.16596408776856,5.9874272389950995,7.902313626452875,7.121073541517797,6.7116192202706415,6.706765804382444
78,5.611333694239946,4.838157924251233,5.424678479105596,6.497858819228196,5.2487824434239005,6.582769646602231,5.352053663291847,5.280504111601942
79,6.491585182713623,6.312785324230898,6.194666794779483,6.165645126879685,5.10306984742279,5.6814412871918645,6.52618251206101,5.764114524822052
80,4.734543066188775,5.450526936649004,5.6631540278576615,6.282074442657206,4.248912169029524,4.921674156531414,5.119918461888584,5.557332228958741
81,6.293352464240996,6.362349108251741,6.822413521212249,5.353043202541898,4.584300862778255,6.313487224361232,6.4218086620911565,7.622685819135508
82,4.413378514028528,7.335901124833875,7.421134993941413,5.4221223879983516,6.507313021912803,5.7423206679857515,5.19875169598539,5.665985832267473
83,5.184788409332656,4.219560694342766,4.708277199768536,6.1459694102218485,5.034004590156091,4.929369260855157,5.452941018248829,5.218077507077167
84,7.172887296126426,4.822456719796807,5.169060979935188,5.585332707723538,5.88000173148192,5.786587442310686,6.108146091966669,4.392926618572715
85,4.796728862351782,4.535516156756741,4.672827194625421,4.442096520212692,4.503885179649822,3.9858217602326578,4.675110160745564,4.559849042230221
86,7.174822277382599,7.1835134331031325,6.015468417044019,7.344560455533116,8.615776033170349,6.8991461823797815,8.865358873555842,7.4044984880243465
87,6.188984278555097,6.787971446207571,7.336774018610454,7.1599156072312855,7.199333098577798,6.795769655753046,6.951466594275607,7.125019666043038
88,7.2264528444961424,6.818787228690376,7.307624858829089,5.51615725833768,7.588084738386803,6.86943509335506,5.117480048111321,7.3425234468650356
89,6.197822167240959,6.519931311154326,6.574893819654815,5.572877895468733,6.127742041134821,7.084178334239375,6.898932001786181,7.021974978502062
90,5.863694537906121,4.96591949925598,6.742239142151725,5.971581976283089,5.80883887589989,6.278597159836375,6.879779023674864,5.7082121106018135
91,6.422533767473756,6.538445484569081,7.025391238468692,5.973112881707753,5.177045550130472,5.993671856859044,5.060491328494257,5.929749867706695
92,5.811455152537293,7.003738491581906,6.158744927322975,6.1303868081513135,7.442226246231722,5.462299443079067,7.169208111454226,5.826096806263602
93,5.500552600159954,5.9184588319731155,6.237612158769588,5.074842784342281,5.168275713952456,5.726469222816368,5.038484085039111,5.601236718260317
94,6.1017599449846065,6.06290799955939,7.921332089574322,5.799335910377278,5.920042494201856,6.718135034006211,7.387857689418414,5.977073605207045
95,6.360656801243201,7.872779481193107,7.47963928875277,6.172090272497207,4.9966437062492846,5.214914613777942,5.609082579521498,5.28442767754428
96,7.200052692931505,6.862615254105492,7.752011350861731,7.001621797806483,5.040605592383769,6.581588423775414,6.946837790224635,6.5683475826315805
97,4.687206610551717,5.48617049305024,5.592237958839879,5.255759843480992,5.05097051884995,5.982649371671215,5.5515152042413645,5.654717564110251
98,4.802511388493483,6.238456652036398,5.786210430741124,6.449729757769955,5.575740842636323,6.221211182001202,6.358464064947252,6.25625207135355
99,6.075520908874128,5.769771317642625,5.194948050909028,5.708016517039598,4.637167017080816,4.633632535964635,6.13466641374453,6.657170022818339
100,6.63639267029184,7.243522288383439,7.124721415362747,6.920908319864398,5.016089601729067,7.022130691831977,8.472381521041735,7.72752656124681
101,5.880344302462186,5.4080213780472635,5.102781027440358,5.586754947283784,6.202945277343664,5.259933004414052,8.687911933191078,5.7860546740957375
102,7.487013019580008,7.337382487050821,7.051664007051761,7.4079779315283405,7.1611846794752285,7.967103754807054,6.456296581179767,6.543490781134814
103,7.048372219695224,6.9824353269438575,8.1736836411591,5.516611245605561,5.578425661152449,5.268806291907111,5.416528532163755,5.674271454057757
104,4.17480124126305,4.9524864538918045,4.197198418792634,5.096916553908222,5.392219115371562,5.812730175479357,6.547682660277654,6.2059187577326
105,5.202663228715824,7.928775555972781,6.44596155633522,6.943505634778086,6.457674365680477,5.949453405908053,6.42773704126513,7.03268559452562
106,3.4375120808620183,3.725676978392277,4.162861207810446,3.7970904772311984,3.620883680420353,4.3518299808815275,4.905391333404634,4.597199940457006
107,3.6810767516342575,5.295404650139814,5.129667961340302,6.010890634598189,5.417232309160893,4.3094732526790285,6.475331255276316,5.459749150914699
108,5.248217737960168,5.273571626610599,6.253225022038064,6.441238074881225,7.003306007342372,5.005490455416561,4.653390074982521,6.996080401286612
109,7.398849692097311,7.5103832850702466,5.294861653977835,6.357296383131427,7.00798758467098,7.692424227046308,5.990921816127655,7.234456196691167
110,8.811226321931532,7.764829698751143,6.044013044767201,6.949176727022392,5.967938660670163,6.635649434946494,6.774146855284828,5.8889380634510715
111,6.222891723625703,7.107676685571625,5.358925829920427,6.021079637042635,4.892054742882132,8.52459660844261,7.139046389840121,7.195970796249573
112,5.475826643696782,4.638544697102014,6.184402021111938,6.951510449410976,8.013833854202094,7.660156154915758,6.374684965905757,6.917708647071009
113,6.096806812661328,4.928002864340131,6.354590240715128,6.063102834093692,6.701276536805467,6.623466722357942,6.692131314863151,6.107989459946724
114,8.051372388419704,8.73977424684739,8.543208547500246,7.412297592429155,7.07573768902597,8.729874764223107,7.210884242762695,5.836196411704707
115,7.160197638552029,6.073727894310167,6.95421186168978,9.701245211864444,6.374576782529521,6.1901201878871115,8.91668205773397,6.71226288378919
116,5.249879165600643,6.201209838424769,6.420187323946358,4.3887483874976745,4.390127647573511,5.0179832902514825,6.141702033121907,7.01309650430716
117,6.924223589709672,6.239178459225043,6.492505395283245,7.9294984163594995,6.450680935888763,6.188618769967177,6.584801062715477,5.632813936560713
118,5.051698441440542,6.61639221626048,6.963710109263699,7.373030141147067,4.077511481000326,5.12137701649591,5.60631970862608,5.437470557231798
119,7.439674895835451,8.428119915437906,7.61900091035108,7.322145233050419,7.6638024769061355,7.738038126453088,6.339667100222787,7.1911505722498035
120,6.152818797587238,6.795843366350904,6.456959386174607,7.2014862078228,5.495914177914199,6.792159321752,4.232502571846073,6.660218277292823
121,6.269956656527942,6.790272184393436,5.822874558850094,7.608593628824208,6.762412927072717,6.606379568545388,7.153089100996802,8.466138503527914
122,6.600959529584696,5.999554203008598,3.6043896327738603,5.989113894596376,5.196564810923086,5.538700770254938,6.386966614934335,5.046385640243954
123,7.006046679846667,7.091678345076223,6.65258346561266,6.513284094690271,6.739903418484865,7.313876719076144,6.509595528456918,6.056336967242634
124,8.420850200313724,6.983060276450849,7.947595922638114,7.4730244686129605,5.946739280202377,8.547006112738256,8.710330618064347,6.0632250276996835
125,7.170442386803452,5.03628525222588,6.70950729340165,5.561094572500112,4.610192261894728,5.333138616477753,5.489606071105409,5.92415539466958
126,6.279425856555299,5.8246932608276305,6.299772079343114,5.313788014610169,7.174640817228787,5.511471706758518,6.856138774376139,5.338059554929404
127,7.494249995197493,8.87014597290668,7.284945734206062,7.786716876314514,6.051793481931483,6.788678958314009,6.660730229736528,6.6633318685052485
128,7.199629111695982,7.132064535881238,5.520541975732161,6.4244509825519724,7.577341383862909,6.354401173797646,5.9925051735782615,5.72220502974152
129,7.660767585314779,7.383617620087214,6.293477538132647,6.538544612446319,6.919364809361085,6.813850081000664,6.643517126242444,6.815443282504069
130,5.561443776313067,6.228630162449087,5.258780795073265,5.275489128882563,5.2127811810854,5.718270585641762,5.890405484734715,5.407675887513731
131,6.43919218054567,6.456315790924623,5.742468548956552,5.514248476891205,6.809714657657608,6.653710891720725,6.885847426752075,4.697974841202767
132,7.455801967215997,7.815295909288195,6.678855545758837,6.831032298188375,4.420750808250221,6.206569473567264,5.353976327288358,7.90541552346021
133,5.677464179546851,6.3289039554033515,7.429874259521159,7.618124196382197,7.682890838153486,6.672141682352006,7.367280193696451,6.281093615940302
134,5.796290874569574,6.6312193174430885,8.263997577664375,10.236070114230742,6.975475544030729,6.4395030291422275,6.618304031368513,7.007916589771817
135,6.968717867556489,8.332660706880773,4.2822485221380635,6.3560823996235225,7.047892163549787,5.671986523736831,4.364136951784712,5.907295872119638
136,3.8869205516921963,5.1501819467700685,4.357381003114406,5.000942014178789,3.894027423801462,3.864109012107171,3.7919922111030897,4.054884294836402
137,5.727962564606579,6.794314164497746,5.843590097859543,4.44628090591319,6.587782760179927,6.275163055479624,6.225272765932748,5.731841528274203
138,5.427583190945164,6.184173476817929,6.0962041754135186,5.4307524552948765,6.024288216296957,5.874757022713925,4.083103354566313,6.09103722212381
139,6.385701725374669,7.050568440251133,6.7620878944042975,6.335647500564777,6.578559211916892,6.171096996909989,7.083497719266497,7.444282560314449
140,6.2221456352757825,6.182421896667437,6.58964488652728,6.215015922513383,4.81346336099854,6.658005099244551,7.3296332321452065,5.956018357428383
141,6.616327902621613,5.401092742789659,6.198402997678338,7.579178980882476,6.18416759327397,5.421527539662061,6.543068023580359,5.59453301867679
142,7.330593485313246,6.416284022780451,8.163298623345716,6.746170116712912,6.022141613512819,6.252560588534543,8.388743682942167,8.100356215761611
143,5.526410320525525,6.255450681515541,6.705583949648385,5.686348752457983,6.00483212470353,5.821213203683805,5.499926070373767,5.967821955605649
144,7.029566274676997,6.63302626714818,7.318339790647426,5.2384116602628605,4.340591765351844,6.4668396016124445,4.504733826471782,6.272366523760593
145,5.8673690778342005,7.549656576462948,5.7130190845603614,6.005501259022996,6.208749021019764,6.543409358903038,9.49895767932114,4.609463331174191
146,5.7024704677149485,4.226275263581808,5.280375390914647,4.247170141512925,4.45236517802139,5.4984963933858895,4.851691812508277,5.008309970432348
147,9.865876511147391,7.823343410299241,6.953697162479096,7.526938347646507,5.541890517818545,7.3599914345517,7.6887508614930935,7.002267074314168
148,6.821514833888797,5.4255298360548805,7.018172419573314,6.500188575789096,6.9342631901928815,6.5254997955883125,7.133998757607154,6.5562660243466695
149,5.994293459097698,5.690688804948819,5.3796574583385715,6.402449152077853,5.72146544747401,8.252143891707831,6.351773617136323,6.416940494323615
150,4.0243342030923355,4.34466548692594,4.330965549094662,4.207015716089132,4.591763022316937,5.0085614168526424,4.2354436601960055,5.5201344315340455
151,3.844586079284021,5.589963919184991,6.705022968547941,5.994458832567263,5.564094902808747,6.368806527631082,5.902066973824799,4.108535839999016
152,4.353170163586992,6.139549166815682,6.771581962072746,4.8792984629186185,5.809509922879596,4.389556235808114,5.276903147905004,5.699993367830322
153,6.928915161770256,8.217922986745158,6.188225645803292,7.846983549611691,7.338514512706787,6.534622437770472,7.660939219091539,8.236512539101431
154,5.996081141080905,5.529374977722794,5.965910558836178,6.09520609193884,6.663635402565437,5.656031764017832,6.332456823609294,5.748569364594128
155,6.465293629955936,4.53682876527663,5.543665458224984,5.497751200015968,4.830020612679032,5.8019824189276115,6.398440345285064,5.915562782625898
156,4.956128680047226,6.1938616274364575,5.432415310554157,5.647469108746242,4.812003644184497,5.321737675369282,4.6811797826870665,6.224407119203506
157,8.455705059721886,7.5531831858022604,8.417008190009014,7.053780102714081,6.981252492456091,7.745852588302783,6.50361626476561,10.850470895195
158,6.6534835113815065,6.897678141039017,5.162807695778881,6.3468747095069356,5.295626866950946,5.513543610672224,4.682929555779685,6.086473902216813
159,6.55966811821261,7.3161689262333836,6.031686113690241,5.40035642456478,5.257687590880897,7.038965536840225,7.352624850064059,4.566369173364085
160,5.376305015856828,5.482373200445245,6.4288908838472825,3.632968772669922,5.347991811252467,7.258395013103956,6.204075311476957,5.466100771436599
161,5.834865125863926,6.589280782593617,6.498243113639749,5.628981861047499,6.034294871282524,6.257821310239652,6.416559580911314,4.798662474931779
162,6.291806648674565,6.341453572781209,5.663634087459228,6.910785626010864,5.762674115569256,5.737053495917452,6.053144533214285,6.319840316913366
163,5.259132209918629,4.988486377808693,7.184565512315498,5.677726038368467,5.647703656895229,6.781521746224254,7.410839758620048,6.5080169446747576
164,5.961773987409728,5.6393493919242745,5.181845750017514,5.611990488809856,5.372500620653532,5.908694904080653,5.81315543444199,5.433995504582777
165,5.945925254578894,5.019729768645824,6.683358503556191,7.711523873011744,3.273253374622124,4.857369404382209,4.7713491457140975,7.8605726268099385
166,4.853924494316615,5.666402601009999,4.735011150475907,5.191828305921301,5.574994190299067,4.301612796970184,5.555558610079219,5.378291891403869
167,5.6516822481924,5.4078603499970095,6.013604093452167,7.493083592195285,6.965492260636119,6.442802844686178,5.983863568961339,8.693743701013863
168,3.4112747105006305,6.962383378318247,5.488277858634479,5.388484697525264,6.189470418905443,6.032044145540963,4.318698610133032,6.153024439612485
169,7.134807254321026,7.412762806935821,5.581055589577991,6.326189323514482,6.389662575961173,5.003431148621197,4.059028307059888,6.715817144871592
170,6.378201591987492,6.3672875141471685,6.309597483114446,6.59485647012014,5.666509904985281,6.5205308398199175,6.328235013583064,6.009211138855612
171,4.936354748005957,5.39065153026954,6.367776000377452,6.3086388530906286,6.075531594349033,6.52468785255945,5.277696081694597,6.390667750971303
172,5.428312130958255,4.678665996815579,5.409746395179346,7.1249487422068,4.824948672368647,5.736060992169789,6.7965089471686815,4.789437453858751
173,4.97489280829185,6.309746926116901,3.9362336860545053,5.567653279717394,4.632541356997479,5.58119429280323,5.7333466598575225,5.895641682022256
174,5.531528023448035,5.675421394378893,5.61624019270657,5.760667061614048,4.695334961359316,5.148223344935527,5.327386899051677,5.098873220433364
175,5.8702176720143715,4.432983920888734,6.416577219324471,6.009823961216926,7.1188451701727145,6.294563402422687,5.425673976022951,4.942291725950596
176,5.875489558323807,6.7195235942106715,5.014908983035886,5.407384663486474,4.495476785841355,4.230515317186346,5.129826159700366,5.2656684879919835
177,5.400560973224625,5.992114298553986,5.508622741807891,5.932364466424609,4.027536744761984,4.832861370004181,5.732562377823536,3.8066867372531576
178,6.029172581082512,5.596637414308066,5.404740566946483,6.4127662232767095,6.933446181698615,6.833013840571745,5.938089191214252,5.9253270102414515
179,6.345192105279992,5.347640637353128,5.602312109894158,4.661696382746044,5.46494448381002,5.796273424500043,5.0827961205184815,5.597522378225386
180,4.570511167426583,5.869739347333327,5.770773983234023,4.645029516458011,5.8948460390213215,5.781316697048332,6.256451113819218,5.025049260158773
181,4.298095236013325,4.534922589603688,4.431455970814921,3.4784181238849676,5.2465217252641665,4.433648790200437,5.045332455681861,4.228221808494568
182,6.229664680447155,7.941160680711126,6.123716574610421,8.08702408168299,10.296524787023303,6.819126599702158,7.802870875727288,6.424969230030156
183,7.738244578131753,6.610673667594257,6.812380843731154,8.220446453616256,7.378109259003209,6.649473048244744,7.797559970073815,4.915045325136039
184,6.108985191306466,5.431873882109478,7.49679058469935,5.361355902555823,5.95550578485411,8.258224611298024,5.9169492482094554,7.429413465176674
185,6.0138973844040455,6.429302897327643,6.67957753851364,6.918887007671881,6.631344977484648,7.15239368120097,6.632344670563298,6.591260607657309
186,5.744250005914855,7.109016214828915,7.159123031144043,5.298136874945629,6.066380275440179,8.48737124118765,6.182576820245485,5.781833292310333
187,5.90275198876314,4.7119417537569905,5.1234406228722404,5.022472790192774,5.003566398521269,4.688268778998443,5.335585593344988,5.095266209459628
188,4.707070928954285,5.2661401991097385,4.9019302118471275,5.148886608984145,5.144104719273057,5.582794235088118,5.31993790641135,5.461505795716613
189,4.635072349137976,6.123723164891253,5.023528221778325,4.58799817198173,5.173458677619118,5.285362945259478,4.460363531753369,5.6083206207656335
190,6.802291647130346,6.792588139940339,7.422080760130685,5.421690103581104,6.897071139708549,7.898984270671058,7.548080620811451,6.83383683253652
191,8.047734458180473,7.038504254409527,7.980042348730366,7.10847471416561,7.506167992278045,8.418959954530811,4.838072906534084,7.509966332006007
192,6.210606724803525,4.682288649846727,4.900431306696725,6.777382851791022,6.28208139521655,6.229116255685852,6.2738209391236515,6.011672616795397
193,7.000518586250576,6.049251659396602,6.622977733502127,4.884387041234493,5.0123063087500785,5.644652472901192,5.830223001749658,6.215839514734731
194,8.599636201131448,7.034830848460222,7.124693078803955,6.4565046472894245,7.026586970067551,6.8245518985349145,5.994271970188352,6.18873658415287
195,6.088180354752322,5.533120168505895,5.839228236447661,6.411115231405476,5.696081292519419,5.682794528969864,4.861721125623023,4.323740531613146
196,5.665484844683822,5.173782563027138,5.1977884163518615,5.036833537237399,5.070818181515897,5.476280743416304,4.876977284024203,5.624336694225558
197,6.529528287491024,6.564656550810494,6.931187163915329,7.271583359660767,7.121832621127242,7.155302370485304,7.717311082491522,9.398877611148666
198,6.258786368764664,6.756145251347626,5.419122579013926,6.820166783884576,8.589533942945696,6.558038196159633,5.075502398692694,6.282078252661475
199,7.038606404170231,6.199842486043429,6.010983423771806,9.501349083241777,5.268758026718795,5.882599184765014,6.3589319235973125,6.348455162445096
200,6.196900366067766,6.407726126887383,7.527353705554511,5.981936645509656,5.420534063482705,5.684863422696886,5.665509522575787,5.81494313690106
201,7.141596455976828,7.6196135138415,6.2361521800388795,5.424378934267036,6.698978852407539,7.489867152862283,7.711169385637626,7.863428580270431
202,7.8844390209617625,6.632036708066574,5.581651028547224,7.447543904465074,6.996317757750293,6.542167215899492,6.215593844663439,6.083277353334476
203,7.236708013420184,6.806213757541915,6.766109499610577,7.191660382857629,5.644701549698563,7.232602292177311,7.133671213656641,7.93143054680038
204,5.400782711149155,5.123179134400929,7.082823904935232,6.608875245312075,6.5893814131921,5.245253652470103,6.115552381844326,4.838904718650169
205,5.758278731404798,6.059569164455098,5.916498622842085,4.4042486738189375,4.605125037524854,5.900786218849425,5.65058142823185,6.122627045082621
206,7.600302882440865,6.42647962557644,5.983292776416718,7.008340088720667,6.336523168408692,8.155179005000232,7.0782432261263235,6.745776921961945
207,3.7872572897298284,5.232589667799108,4.684829003804497,5.198776730833677,5.876062388632459,5.459161609430483,5.1500965602200965,5.363729789726997
208,6.163417638663192,6.172977870661166,6.359580327661727,7.061195702569381,6.240559931867168,5.502147235864469,5.99615203565451,6.366321949360087
209,6.779083012217099,6.156144227286635,6.373154658390105,5.31538255880398,6.3691461932503834,6.659447247751718,5.381940455845225,6.2509127511699445
210,4.380534499284485,3.648568098127934,4.20999726168543,3.774840614448716,4.843681546898739,5.349460266872017,3.8409315709916245,3.3459431280879004
211,6.124219768176575,6.722620316634018,6.117962394627475,8.115717502121463,6.552882748742774,6.80681226679363,6.010915946759961,6.793969770216013
212,6.544909898619113,5.569219751842011,7.552979587286198,5.663413911899896,6.584608569031989,5.3364185253483285,5.393064998844577,6.981531471383225
213,4.52773796420888,6.790916381251899,6.374900803929082,6.789633009655061,5.380520000883173,5.290949779223156,5.922864193936247,4.762728698892559
214,8.42182090490308,6.4188477187468775,5.623546041194581,6.697918249108589,6.958447315423038,6.061354679292343,8.086902571683899,6.654387333977459
215,6.511640993359287,4.594061151183777,5.92022727991756,6.099337637215992,5.709031661696503,6.059873349853658,6.463368056564582,6.989221693070806
216,8.174687602883939,8.8599429372181,6.56003298676407,7.477441205674473,7.471732765474571,8.139220889668035,8.12736384292041,7.441544146407353
217,7.377614704454515,6.855208952044984,6.909125761094246,7.08253522604459,6.857674674944387,5.915926481313602,6.355349076873461,6.365560936589714
218,5.428002730220599,5.893771208285561,6.167571201286689,4.291604764686279,5.683992711388485,5.611574208796332,5.0618845707446765,7.057013670263395
219,5.298736542238795,5.826939785187684,4.5622355201367135,5.06286247331249,5.373265199095417,4.5831645619145,4.3360716853361545,5.309788552433569
220,6.405593170077954,5.300219348959703,6.109415222628164,7.447550315785726,5.605068987010224,5.96624666939051,5.194806551516903,5.642617172737881
221,6.931493807467644,6.946299598569674,6.904795502301097,7.166074137260771,6.491078018609225,5.670125484233736,4.995359552757686,7.500006403188755
222,5.4681863240575606,5.775407422315793,5.036072782706948,6.06867235067917,7.695811624138113,5.955345712527875,5.527756434785992,5.301212598149487
223,5.701861811654308,6.257630222990684,6.2885902464148264,6.594615032880731,4.621616456669046,5.719550559832882,6.962931394923367,5.691877518670927
224,7.218885404804219,6.129632114107523,5.087564774163234,4.807266356815676,7.298436692508556,7.198308760289089,6.567898512116358,5.65031919460662
225,5.830301754378039,6.860739236677592,5.535634731974049,5.70752342716396,5.098079575956622,5.899207567411374,6.592577081783887,5.010558791738076
226,6.67478375833542,4.9786789756511745,6.556104649072291,4.521587385377724,5.485604260558182,7.283039854204188,6.215540150018714,6.589794942238847
227,6.367216194853064,6.659104667409153,6.2296895284664116,5.257850452692178,4.749855996929486,5.815967090704502,5.395161642950436,6.297910439610141
228,7.046856325073014,4.835579194969109,5.1891618141249785,5.894102931335007,5.412448008235353,5.4742556665517315,3.5736375583475204,6.555149542871638
229,6.714609347591517,6.368628476407209,5.010914071791065,6.581048328047939,4.800057190152878,6.655955021101891,7.053511156407808,5.966800413090913
230,6.691403518584361,6.056976823640911,5.330849880095463,6.599808088170719,7.514138183105845,6.646428170614531,6.517828934147055,7.339530092338836
231,5.639467685530636,4.641576070068519,6.740640974079302,5.635459293071922,4.876825507825566,4.188770714216888,6.069335211083196,5.445907633694772
232,6.08981524936766,6.348316014742163,6.789802742912937,5.949869967638992,4.544767950370069,6.450644847895595,6.704025391599651,5.687291931363956
233,6.486972341167963,3.77355700342767,5.592572816387713,6.877321657728423,6.872244052281862,7.003370172221385,6.201183494368476,6.149905535716587
234,5.293170595591588,5.421982159514817,6.328024490642453,6.494589060223116,6.504210332907786,6.677238690096911,7.120077742128488,5.874810499767476
235,5.300541367600096,4.2228753829372385,5.322075518348172,5.5171768417162195,5.1269292628917675,4.231529063497156,4.823164893728295,4.9405090741573385
236,5.391080873975386,5.917338360992435,3.9448776631559137,5.135609621806924,5.246110706512176,5.749255245723477,6.804739717783997,4.633423949096308
237,5.458216129427718,6.5616409033865395,7.899903852361135,8.248271796359216,7.800154915816703,6.867626032961618,8.579302206093704,8.860437780634488
238,5.215832719974046,5.674862618736515,5.424901809462827,5.262990281321503,6.421360368905018,5.9157344438645545,6.314731590698733,6.055814055465793
239,7.972184042526348,4.483250432064776,7.39783668797288,7.504734087778058,5.020800893797133,6.1141352415990236,6.939645638598919,6.327934218576794
240,7.550525768465376,7.389891112410575,6.270306311925072,5.967667310279772,5.551541418129932,6.020666584423052,8.281812981713504,8.121904930429068
241,6.419790171936402,7.039315513614263,5.647741839492997,6.927372312779335,7.603145341756692,5.029755320539075,5.180098921715341,7.46745336058156
242,5.754950281504128,6.437906884960856,5.657115804442383,4.571170217773463,4.364050786184479,5.274325308502158,5.049669724271378,6.6889059521346725
243,4.780771675759785,5.200856058703892,5.303564786610275,5.245211196622634,6.203555988059812,6.725619830455453,6.561030255129701,5.518908046690264
244,6.47827092595045,5.902878696616879,4.803821017732863,6.586732308068899,7.337061776432185,6.031039840232129,5.676234800175679,5.692911112828123
245,6.529058162297423,8.054280309571542,7.206889805767439,8.191635879963759,6.891540548579799,9.41452568906065,7.568497215796571,6.184778184813764
246,5.814815878843,4.1346449462057775,4.348224567850857,4.322301973465192,4.550606182836094,3.934563696446128,3.810193610329847,6.000020915496383
247,5.763681217968125,5.910359632801513,5.931160951964806,6.523763411920617,6.23887429138579,5.7391320733835745,5.42243598397668,5.687193599757471
248,6.88298426051502,5.327842852319751,4.663758177622198,4.867103525095032,4.9984397394363125,3.3732998414681648,5.540746067221607,4.5895903672835505
249,3.7957186538575947,6.00321826884994,7.800208043712678,7.233924307615244,6.212499117100059,6.996436878533693,6.407056353448416,3.9575184506128323
250,7.699476878781527,5.573383978712285,8.150644554606712,6.808413752942444,7.799200834471309,7.326128742007944,6.48386269747978,7.739467168646324
251,6.325888359201403,6.989588355473779,9.806956746557827,7.094426761976905,7.267418000324058,4.509191465791258,6.816957910772195,8.586741089849156
252,7.353807582802667,9.042749085579297,7.218004276883679,5.837366149101855,7.679728102559099,5.933847997071073,7.448511976390052,7.7857911862995035
253,5.248897691958543,6.675017197077078,6.4213111570676755,5.632754443650293,4.356163457511615,6.607104914131362,6.544130415539977,4.24625880670706
254,5.576120304771653,4.971172174643662,5.011753199515715,4.550902085918817,5.335416755850779,3.429764755738118,5.496967767210906,5.464424818679122
255,6.799617448133971,6.765937278546991,5.963170701023185,5.668690230531642,5.588431734158684,5.701472596899994,5.228766772972791,5.106407031275766
256,5.552551608673128,6.103077919664719,5.768963455438284,4.085646278034119,6.416590498196176,6.667305005175088,6.15788536683151,7.725657567053779
257,6.124283103808506,5.7185401208809346,5.63489884008626,4.971444196054013,5.745318607678655,6.192260385565953,6.50394567443838,4.4278865049344835
258,8.613815110542461,6.7317375921262785,6.691410550500577,6.306578081833397,6.070721845195226,6.3908114885871665,6.866953145775322,7.4491038190941055
259,6.282386516474344,6.850635431411723,7.461204993529451,7.107139013207953,6.369494986417292,4.492707770180128,6.0124967254644845,5.352000362692694
260,4.9735423593666335,5.028447908520855,5.152983779330084,5.024526036588241,4.7834315167096735,5.585991952778586,5.259109417407124,5.9264328076422075
261,6.646169444089024,7.36992859211128,5.414964730555623,6.491559726140891,8.157887084108008,8.125161117668734,6.654197370964563,7.585235855310618
262,7.683264748368738,7.81810599842597,7.336559057582862,8.391739475592582,7.647532159403092,8.658284089737702,6.511338150776737,8.42038294146545
263,8.473462329427251,4.5790435527903535,6.521065980730885,7.966767029624147,7.701655706719183,8.695819727293152,9.171161829908282,7.9786048559379985
264,8.571596040244055,7.38930958502033,7.01476597561316,6.113844564133044,9.370240680926685,7.267215764504303,8.387281859046547,6.05030477211189
265,8.553765820510545,8.911709349241171,7.192311776653924,6.006290223221188,5.998647205849964,6.4164571057237785,6.735484956608475,7.242755084196934
266,6.00411877205921,6.584081450715404,5.338894727715971,7.434111825537158,6.353162117894646,5.27353674968699,5.619875349962282,5.847689679106239
267,5.816497181619912,6.365050172239423,6.04534010108739,6.040100790491295,5.340045259786828,6.129841676126495,5.8576608108272294,6.572649860761073
268,5.397426046720508,5.903018911288651,5.544280398183745,5.188199560984153,5.848345930448273,5.744719039125788,4.856076941744964,5.858097799410504
269,5.348900949200903,5.818652415013976,5.417955768817619,6.9529993459008,6.196637692409826,4.958536471306185,5.020594922422079,6.2702785148996885
270,5.130247962856372,7.41708034414373,5.87564357747739,5.805660091587339,5.2682635886708145,5.917905293003665,5.380865827837319,3.976113912274275
271,6.305929823514048,6.394535050305673,4.975927874147975,6.222538858026019,5.49586151147914,4.7037240068157615,8.291269976451236,5.75661258645101
272,7.50066238968265,6.266030507153201,6.863571468937653,6.549357852480531,5.140931628671205,7.326173918053629,7.02236039265683,4.853199794075882
273,7.165371269572085,5.251124017435562,5.507755050884997,6.9727914724369935,6.941809499181106,5.272517775207571,8.047839849525788,6.04684171568791
274,5.504003267348304,5.708685789295049,5.584660034508405,5.644428772767617,5.276686713407882,5.483588996786057,5.052648576595799,6.532840048432645
275,5.088486510506626,6.029379200616388,6.018848913538766,6.809880651299535,7.010346843003997,6.968062074385487,6.052046574182452,6.992401182958883
276,6.794850446683094,6.631948164834036,7.71305787745418,5.557417982907014,5.620822690184785,6.738517870351535,5.790789047244235,6.820573563725827
277,5.7865948420888405,5.7021622177275635,6.721181376148524,7.791171718556189,7.325522370112557,7.161273353056675,7.3317078427334375,6.572515107579927
278,4.376657901448365,5.023781149154441,5.21058482182476,4.735261366291412,5.504947104482654,6.226482788810783,5.071407990874031,5.245164402923896
279,6.646342781932197,6.703454555327798,7.653922741437947,6.438034167714217,7.689469001741823,6.689716472138623,6.672428903691364,5.008288211225129
280,6.571862762623597,7.9283019377251,7.425296759834944,6.900638699995947,6.741858867226525,5.525547434180427,5.583872365733213,7.6659948774907
281,4.98563199064887,4.893529905231571,4.337277138916358,6.132162876205311,5.957273977320756,6.799768157353826,6.644444664460267,7.1394308586541495
282,7.33128687395367,6.417056121668519,6.426735360562462,6.707436501790751,6.401181648668599,5.858070175780379,7.909740550604102,6.426942755442329
283,6.7828047578322215,7.972436348191747,7.2860189294775415,7.889172982324862,6.853333681690505,7.215477164181751,5.505981945675211,7.361347359924763
284,5.448828778139552,5.020883122660805,6.5501569358696985,7.064833624822267,6.919827085144655,6.653499410016784,6.434411629597886,5.435980784762338
285,5.67875942419766,6.01516533595539,6.935658667477097,6.793084056562731,4.699301701462666,6.397693733221155,5.660732772707608,6.210871720305106
286,4.824488394512445,6.492866672510443,5.528767655278305,5.519193525637425,5.6285670249031226,6.443517456139876,4.708794136162943,5.383860857152958
287,5.208293682893387,5.8192015417563105,6.249874640788301,5.97908198446427,5.798017730914725,4.399960727114586,5.160788638072697,4.982079273855
288,5.703247057114033,7.59652053778738,3.548423348683285,7.14104329638099,6.701141578148623,6.364003054601371,7.343359233710347,7.488137225513781
289,7.455730394784911,5.777253948491417,7.4844096181261515,6.800153889822631,5.00805972977964,7.0505147409896765,6.623125737697583,8.687847615247266
290,5.2682515696127625,6.056585612575212,5.167027938968901,5.067927683523216,6.739253767489506,4.846483752763115,6.10104413219194,5.765118029160883
291,4.745911316987639,5.031489125255223,5.385723044687485,5.911967077318181,6.410842547026649,5.175633523756042,6.862354270959591,6.938141145183034
292,5.610237174518249,5.585898353556458,5.152143541938475,5.162214245247003,6.547512309278339,4.99510016359006,5.2843575078169485,5.907449999222917
293,6.815725395423443,6.162268136508027,6.498842228314686,6.664234572168134,6.641945870866428,5.492908871067689,6.155583547488837,5.787331208112218
294,6.426039101689178,8.320647202849692,6.846318144882394,4.729339157197558,6.931925580789266,6.517738679127206,5.561943661532813,6.997077398570136
295,6.366414374514066,5.734273482704364,6.143308622090595,7.730242545445154,4.923310737726486,6.884958019932146,5.938009556120716,5.9298911417564675
296,5.78650108250575,6.748139420134323,7.175970798049315,6.6026985818656145,4.32260766901915,4.269042900241268,6.159800883561233,6.286797298058703
297,6.245631207257547,6.943324671029413,5.868725717927334,4.383680177354163,6.425828146127368,6.608193857914675,6.098385053721336,5.867091600808739
298,6.172497453305479,6.119400611420872,6.245661715213238,10.545700418770661,7.8050701083323855,8.57707530647721,8.359112620079813,7.049510155927757
299,4.785817097261937,7.996903816650845,5.359016581072109,5.864730649229837,7.883965277340378,5.775561687851269,5.486846614054118,6.071498257481329
300,5.127731366512157,4.981771029816341,5.239178700381874,5.0747256719480704,3.586589779886673,5.2567771942194454,6.325861327351191,4.708165704358278
301,5.884338545091546,6.759448807734738,7.342878965365876,6.988109668400814,8.009703885603596,6.761917633804495,5.719715751157676,6.4636225802649925
302,6.769980377603979,6.288856717245348,7.880645010604527,7.231971535651241,7.255921606482971,7.811210265619583,6.730583795966831,6.752729667001764
303,3.5582816090732936,3.9266512680051306,3.8624334934793096,4.406026426386946,4.230925524963394,4.059448220980209,4.296024076995669,4.5159261161298865
304,4.290383765974095,5.781467698831857,6.4956864927047535,9.632281732123767,6.4124041363833815,6.507252838078917,6.241998468281891,6.083460775472039
305,5.775345058771247,6.244733271971602,4.212120911035027,6.404357249294815,7.160725391981188,8.406334575846024,4.9859836596066796,7.9111886969590195
306,6.3887500738587635,7.99606823172625,6.418113899502629,8.666865395918387,6.4995029261416715,7.134118822458391,6.9323186879898655,7.11586837261117
307,7.9932519027799325,4.128610309977057,6.136925660026732,6.224983949968274,6.101527916081899,4.673347968953503,5.572473784245994,5.604672079801686
308,6.263453264781785,6.443635293962276,6.759287069962816,6.969613620859425,7.2158683419087275,6.886205989412447,7.5424095819981485,7.643905723673979
309,6.096369035835732,7.114514351422589,5.83712332094248,6.065085584391544,6.335744808001748,6.608695670126053,6.9948201227699345,6.330295526712095
310,7.9921124138740485,8.163092647809217,7.517118055582157,5.649354545073913,6.388614225505329,6.627351260196939,5.425718929026449,5.851116474848909
311,6.602533804916228,7.477742684878783,6.584719870586803,8.134136562018384,7.414112739349226,7.682660903361735,8.022175335678627,6.857587613874976
312,6.8855429915954955,8.14781485923093,7.795785819919376,7.109594967341132,6.935808800307416,7.448381836377787,8.90876784907737,6.544708802886029
313,5.80478504015092,5.29710279722183,5.337131817933031,5.686691734014345,5.339756399290562,7.268436802902611,5.541673680631772,4.763810008750799
314,5.448082739471757,5.377508556785468,5.101119394049051,6.699854942224364,6.115656236648368,4.313345779084213,4.499942136414858,6.112891592023755
315,7.101379467606731,5.644054454385191,7.959545548357921,5.9064569525661295,7.169258273717691,5.654252730474931,6.219510751736898,5.82030549836068
316,4.538253266912982,4.994163396682288,3.9921632486388114,4.319064728238133,3.5253148556731517,4.321708656449976,4.049175077464976,4.2126496062503795
317,5.255119826675415,5.079473771949227,5.666856698490772,5.704627010076779,6.199808248545178,4.622795162209873,4.350271519704362,5.344609397578797
318,4.957278822500291,5.212500938541309,5.3478248171379095,6.4363640184344915,6.596099227678678,7.255766115705756,6.615984666749134,7.111621286420741
319,6.803010331592691,5.249465425150268,6.8606601922849695,6.953492617199327,6.888132493156704,5.789267567673623,6.567984110139862,7.214881734976126
320,6.291181507190857,7.496472675468982,5.838308888883952,6.1023965439702055,5.724903844876904,4.579376673676177,5.706360523731643,6.171550124807091
321,7.090838776258398,6.22975247089637,5.553421039005761,5.671850771980336,5.466780354934348,6.423747509332547,5.840774726481258,7.144380363810262
322,6.8185392648267324,8.758970025116776,7.883221988154042,6.072277200132166,8.301461676526507,7.532350382913678,7.208000627974932,6.747166126833078
323,7.179019095045955,7.6321103176107385,5.560131655480122,5.691270119297131,6.037451912444153,6.965560935965608,6.208783150658007,6.667055554437509
324,5.845478338607736,6.93098106040264,7.077668791585364,6.217403947853818,7.031495547282031,7.454232538515305,8.08268529864968,7.557508728381574
325,5.4897984895207035,5.306509529822143,5.871639467796499,5.348065993663838,5.338569486337583,6.145262477118731,5.911023008901717,5.320150092898924
326,5.473928382158854,4.958315304508045,3.756513698175069,3.694370849288832,4.342570640409964,6.862432782066835,4.362774689680038,4.709166366966961
327,7.376138554437421,5.315261628986928,5.0841108083221656,9.324472990499268,6.556673690477061,6.343625169102742,8.284154926008563,6.662371182202858
328,6.100178164722855,5.795686261636941,6.16405393199387,5.1347919866561815,8.009814364545939,5.296902906579248,6.284838345472159,5.545715423595572
329,7.464279992480308,9.568745704014196,8.442067448226789,9.523863147474152,8.400419072411298,7.820751907290254,6.722904450122792,7.826339006856528
330,5.921765045053109,5.041378228873422,6.614110679511074,7.750451707157633,5.874743875085469,6.094526103455679,5.628150382339357,7.089795475406924
331,6.392618975669552,6.612561411175343,6.012834754185007,5.5249342352165955,7.088696815220297,6.548484885351597,5.919041171778965,3.646844535516671
332,6.085571539190152,5.380136032677622,4.768862536736477,7.148801677028456,5.025025896444527,4.683425251756258,7.213015937432649,7.604011265615049
333,4.8589682065699185,5.300542044990162,5.46694750468566,5.60261230822766,5.691753309744475,6.692694138018304,4.80881406464531,6.862020209385373
334,6.649954448570406,7.949804828185389,6.56877908931499,6.670160515620622,5.782947182109594,6.92570334880794,5.80675915822337,5.17571200148125
335,5.8913156792748,5.441021411937184,3.955295161015793,6.278015201966863,4.05280254484493,6.259317203668285,6.564628432638781,5.617977507363044
336,3.7681956547770907,3.6147706432089737,3.928762421177236,4.449758399773635,4.558772112444209,3.5596857290325947,3.6383767418833513,4.0149867589573525
337,6.915460371752867,6.236336631611419,6.023733712135991,6.426778235830996,4.523553548879093,6.25828334934121,6.204206291283843,6.036767925632937
338,4.9445522839480525,5.8949227994352595,6.282674758008544,6.669760203275159,5.985563758951826,7.456222660930078,8.145087726818753,5.172610380206334
339,5.334035200580114,4.099195165773542,4.087279138281378,4.368499135868786,4.541119138678901,5.07183859287276,3.433686531847316,4.018176417805888
340,5.205904913471123,5.082238406280303,4.849392663538097,4.221344814954509,5.765451754500195,4.665295077765814,4.996275327166607,3.890760981172931
341,5.054257452354048,7.918281835671718,7.029930769412401,7.178768412761096,6.702383267899087,6.97494778161067,7.22236684284654,8.027016297014837
342,4.640986820964713,6.03741524086349,6.383158827037744,6.641641464498326,6.0327503173519625,5.696581296844521,6.01661891142771,5.482289168372484
343,5.310572325465218,6.493831005145852,4.982891875519091,5.894137804947763,5.6807983295522755,5.167072271500307,6.191939481590982,6.140620228487682
344,5.116751808894173,5.1496080689814825,5.5404917693199485,4.838722744881579,5.212789743384798,5.690468977873996,4.883790116011658,5.631448817510263
345,6.454857816438033,6.66499104665249,7.286937803389878,4.5473595995540155,5.476321480915403,6.00375450532258,5.383296541959526,6.619292260258891
346,6.105144289552209,5.528858074306704,6.769469761191397,6.234699243933263,6.655495657714805,5.29955189900442,6.486077200114385,7.3880327473293
347,4.7280004351482825,5.101881122101266,5.11617383605248,4.25621396014095,4.80945896213467,5.431928773770161,5.600019416525382,3.8281311910984415
348,5.574660667545272,2.919715403419458,4.675981115419401,5.312682025868561,4.765060159495106,5.632213256778156,3.680272550616564,6.050145569291195
349,6.360936301613294,6.7993558703101025,6.437163883314016,7.603055252862893,5.588123642590144,6.484165807546527,8.060072912632247,6.274368613824467
350,5.109653486513468,5.922446671427154,5.910496330919178,5.741471232413869,5.603227885397848,4.91003448329251,5.919259020496955,4.215847527869238
351,6.2094395613723155,5.930802708402844,4.22994777339152,6.551342755384241,6.651390084647862,6.9530483547440465,6.990660779769865,7.641456820886984
352,6.729891357374869,6.609868808145025,7.27657350304647,5.980535298903689,7.632316082820502,5.9144828784132155,7.380136132394061,8.709825283647548
353,6.726549036605456,5.497686377216585,5.098737956380487,5.852188589987803,5.384746149258261,7.181028966102335,5.075158986932792,5.249325829907283
354,5.372550076264168,4.336199866779152,5.601371671953311,6.071837987630038,6.011107741775538,7.3340461824786285,6.49010467194672,5.2688129957682595
355,4.7446509019902,5.230148459765225,5.579847368991499,4.253677288278961,5.448902671393169,4.533076189282734,4.147652219710526,4.822715039346937
356,7.5638395416464865,7.881996111175725,8.351848607219807,6.463137949261025,6.578430448277199,6.20378414939008,8.162535755673991,5.390295868677546
357,6.697662811048904,6.348923743406664,8.635147545526168,7.629966149125841,8.132589116476142,6.888315881212127,8.540173526429701,6.093207376019385
358,6.347702083174149,5.513115984290591,6.044872576238655,6.1710152985177755,4.181406871897403,5.228033929097171,5.008922449943386,5.206117671793233
359,6.630961435296057,6.454147253895855,5.321046981840796,6.701319599193993,6.633773742351295,6.517350037059344,6.783976365966739,5.676540037987754
360,5.42806644583134,5.278482561978834,6.283574022752045,8.239323824770695,7.7645421171819375,7.169966949007592,6.830137444017074,5.980770333941297
361,7.036439876458535,6.880323244431823,6.131784966274346,5.807352077154746,5.442081821766961,8.262505246370964,8.10051293683122,7.018467017772677
362,5.585648287276812,6.289622210136725,5.367802797147172,5.895482820711952,7.573929239318138,5.797863589994491,6.009383577426094,6.260423544786064
363,4.41948734996703,7.292076767280501,6.623698291299951,5.41636754858566,5.607030542501832,6.721044442904697,6.860787769101303,5.277217169605779
364,5.352511585414153,6.28198973370151,6.496465667748992,6.047086922284742,7.061471753553255,7.504286573296139,6.822536360047014,6.851819118072554
365,5.060151966694803,4.680186486589209,5.057360317202374,6.426459421449835,5.967156158160064,5.776619440764231,6.864885795154487,6.075305277072035
366,8.879785982394353,8.451401875760034,6.6096132040002855,5.321771411941546,6.228467606761593,4.653569681285454,7.9153334747196205,5.506710029157439
367,6.54764323251876,6.302766943028799,6.4747091195578435,5.722239141543483,7.708432967177582,7.900778272019659,4.633276094762815,5.101905167516068
368,6.1005099741324464,6.95658497480175,5.970451235784533,7.553794407733249,4.808962451622659,6.164823417454086,5.748545663163425,6.016947210309272
369,5.400963447564211,5.08481260228452,6.204711615508064,4.2489578853496734,6.256357458189643,5.65359136497528,4.904441785907102,4.990320656272894
370,6.751977268159984,6.636646442283268,4.536627773939082,6.319364445919412,6.3318156878349106,5.295014200147751,5.217822856410365,5.268713130967522
371,5.769216441970205,5.636427152078062,4.1834474823892345,5.403945840446702,5.134242419758103,6.3477484677343465,5.707002537805559,6.094422057132264
372,4.599879202933972,4.656429772113761,5.0726816240983785,4.21218842528884,3.3042352350965434,3.9585869056975294,4.259237402130328,4.368339283327156
373,5.00667692750854,3.146125454543375,5.372295511002676,4.883047190364552,5.425964335207037,5.098605382905214,4.9804416083197545,4.975143154801488
374,7.218388304518465,5.156980609998345,6.655900402529846,5.319373442600982,5.530935900216066,4.736296450309981,6.988646038018118,7.985811729133728
375,6.973482220413441,6.287074477294047,6.84022275957354,7.321300648249716,6.336257075225826,5.730248769928911,5.698483538247296,5.963581212371718
376,3.869633690990962,4.399356796193285,5.417884118874779,4.2696948819264255,5.069601535198523,4.543079827448018,4.173769829581,4.879355095190857
377,5.218939801086099,5.899137156369161,4.380889480279632,6.234671773122509,5.330531770824339,5.190275533661845,4.539350077672256,4.064278119221331
378,8.020158377496681,6.981892790766304,5.48302588007472,6.7026485674445375,6.756792565485991,8.194661178665136,5.765253548278972,6.744831617921049
379,5.748126764708091,6.153706723554333,6.447821801602393,5.692554863448644,4.386164494422322,4.552439761579223,5.758285527220045,4.639166085211611
380,6.079910129195314,5.993402002924738,4.495375676972312,5.789212067333527,7.950403950941081,6.948879943401808,6.445292921258976,7.012460145865759
381,5.196260406225947,3.798797143361347,4.129290590613107,5.76487638407819,5.44958381380378,5.165144751333633,4.831404183869115,6.02042895631207
382,7.59621488436092,5.804121565730682,6.4057060724361765,6.8541273425841815,6.633208996617479,6.300919113582534,7.764479547901696,6.436404823411405
383,6.879952302298056,7.862868472238712,7.674493827210381,6.393567512960498,6.867210821865097,6.931539054191095,4.059647568200785,8.018797108570322
384,6.0910190842712515,5.213593437415755,4.510082042628647,5.032964007317294,4.4586179113060425,4.6235033146976505,5.577538258223318,6.51170336518102
385,7.0856788967780275,5.731029267221185,6.869018736490544,5.983899651018566,7.018169892574727,6.505861734244616,6.085635749336446,6.770655828504099
386,6.867877035306033,6.795265371603648,6.235777502381457,6.679074486179453,6.1189643664365985,6.6894560253837225,6.412675886626628,6.029160906389291
387,7.068084519751412,8.692341494039576,8.509279429131725,7.483648821205032,6.586451460195219,6.203858583232423,6.10164427121605,6.777788792735947
388,6.9337696596733105,7.060369413658961,7.126048821911847,5.6381785750618425,6.94979224514776,7.6023898841794875,7.651279548350871,6.382385507625693
389,6.458582201441326,6.292738053386076,7.722199902082908,7.48080768386256,4.899321842817686,6.425887822821194,5.885958298108344,6.663294462924056
390,5.798197556618337,5.902128900019309,5.876850023100746,4.899346608020215,5.4438175823845025,4.5353145658927,4.907719586559671,6.608921538178665
391,6.62821031703174,5.698194863475489,5.868212450020413,5.359418830336569,5.632783716348207,5.156758539132488,6.996059427934885,6.1820654165196975
392,5.762635311956802,4.822670682088686,4.253169865169163,5.622673625824772,5.446102885086521,4.534159335125748,4.823872158806247,6.488117872220988
393,4.973959705446119,6.033211815979123,4.531051348735169,4.1107841444406175,4.173756547280749,5.236792271302689,6.068831662838723,4.664758111850279
394,6.038201936350461,7.047996538437453,7.762692923604133,6.955569963106878,6.3826192809032785,6.269548725416463,3.973942522982875,5.994001415460528
395,7.7910354091709735,6.113674135988216,7.929144823228144,6.009586920908488,6.158274135867192,6.334030207407099,4.598500167263992,8.436099711292865
396,9.094605556680177,7.615580073270951,6.58840701853904,8.475417891728863,7.302932602021692,5.841724069325528,7.024570112673263,7.461881975804452
397,7.113265651494871,6.065212282818698,5.29963670515016,6.154819802657208,6.1907372871572015,6.1975608992573035,5.925750171613285,5.461588645796813
398,6.760868823752629,6.826153522000334,6.443590037360261,6.886006410323544,5.7211042783415085,4.803999040268723,7.381511843684639,4.012833893138097
399,6.8826409985739865,5.331160058742427,6.428838562967265,6.144616691141759,7.771114201842799,5.299518389359191,6.23394578501384,6.089499368730274
400,5.585754202949274,6.965084993098175,5.377509271767698,4.886732868819853,5.774111803997234,4.156746871313893,4.343067567707708,4.512524101315
401,5.038099120874386,4.4641561439949085,5.392107207220863,6.040299845901395,4.204670007463562,5.638067775200747,6.048500111997405,4.003514220224426
402,5.598091103847579,6.0281276531337795,6.601159291249054,6.685470731518487,4.74336660577976,5.673112106600126,6.0458397930219485,6.221923479006259
403,8.412725025524132,6.833167043730825,7.506965115619869,7.172368043434333,7.808688599193622,10.111778480424514,7.145003444521241,7.54955131653051
404,4.903786993934902,4.4976892446860735,4.271910934557293,4.960561644363897,2.957410564834853,4.261935720021504,3.4997113650917853,3.853777808793394
405,4.992485436522116,7.236524388530671,5.722880651123968,7.542186385606885,6.820551995962212,5.73672113480337,6.326146690097009,6.144817843090374
406,7.769957034634377,7.625834727543195,7.23908087455592,6.891727824704631,6.712060352681703,7.9102058197091,6.730357079934836,7.267080437137803
407,7.618003505423951,6.629660635831261,5.419343095165432,5.916843993599211,7.504819054228324,7.853177991617455,8.04381952190096,7.321600125863612
408,8.207924851991178,6.047424604057951,6.64034997789902,6.4610368500214514,7.209418211107558,4.695518626364429,7.402412936462315,7.624248366438743
409,4.789096946177233,3.432649064883302,4.108129868601195,3.6577637148004087,4.693836705356584,4.542547816367905,4.495896066310889,4.348342084925878
410,4.923993263716627,7.92807272055082,6.01120883866209,5.514184008766656,6.325709666253744,6.4960386926986535,6.73867608285362,7.0531031715367805
411,5.200823439243763,6.049931350516695,5.963531622897058,5.505851250976874,5.297351002393576,5.956386710959121,5.564829075716772,6.825559640895643
412,6.202128499372648,6.388254005681585,5.720618472766063,6.294250315093297,5.162431975736974,5.717344618966842,8.64911972766362,5.491015438005209
413,6.658684964050358,5.493219063071918,6.089155333532267,6.871954603639514,6.605422990479354,6.302434020287155,6.960666008617742,5.865248306803393
414,5.564302787256883,4.4370796646282065,5.85436942816021,5.719431421001885,4.937027930995433,4.835755759421494,6.101116410940494,6.373310864219228
415,6.3240400685032,7.970707785516786,6.361273271280827,6.094015120656892,6.956141113157868,7.623943492512405,6.285145007585624,8.111156279368737
416,3.9099953329407833,2.913419810947841,3.3266461795333067,3.898630304766346,3.4288197451583247,3.6005399666634523,3.914120391407777,3.7922380721192694
417,8.449718870329436,8.078315965559263,6.982257978192373,8.600051393252794,7.374098221050767,7.306681385739535,8.594834114386684,7.829221182649119
418,5.742577509744996,5.8070487068910515,6.489241145423952,6.9271336207393555,6.263244719621484,5.672528361196965,4.929468212762907,5.3579677925278775
419,6.247124617366437,8.291023344988215,4.056089866129398,6.401385984714731,6.889889081055781,5.670645326554259,6.178548706585486,6.335858524623434
420,5.91003360738827,5.662575806770278,7.85261620008267,6.46552685290033,5.499318055946419,5.577457918989262,6.958290098477979,6.630663365928373
421,7.559954042800688,7.205476993438179,5.7495258096642265,6.01458119317732,6.615070087662848,5.30798365787817,6.644343760516588,6.621975187631531
422,7.1691813997612925,7.255160180193282,6.581842235897081,6.8496496570949885,6.140265912220483,6.649612785158439,6.569870183907702,7.026098509179396
423,6.3301088782955155,5.543721900433163,6.584908216464913,6.908104930366996,5.770384555960867,6.268358410093192,6.933296049531039,5.292879371624122
424,4.657969099828903,6.68325754579065,4.496006358436925,5.651572356345341,7.223686522236499,5.469095886318825,5.072256126044621,6.709225116983088
425,8.448215633514671,5.849593910406898,5.034557355492291,7.178280437995978,6.2239339393697835,7.1785026204448,5.907636491609312,7.324367375700719
426,7.2176883014886615,5.642547201701533,6.417567711200476,6.592669605071263,6.21647507695436,6.576578969012068,6.6792323071473,5.854012542311685
427,7.139268864750802,7.430591187337574,6.363840605105616,5.93464547565994,5.8262551685322626,6.417366870358741,6.35973995451776,6.606885783665213
428,7.574106131680247,7.777616482925347,6.27384930919643,6.8950255649403385,7.535311396619028,7.052423108123546,5.857069732969824,7.508811313269972
429,7.027619095698759,6.354968538554813,6.920912580408439,7.140956580249808,7.24178396710653,6.0417828376361165,6.033764803962786,6.318701994447165
430,4.46373142949248,5.787180805829685,6.3013377317563295,4.414035145123981,4.8643174480612075,6.489751144257936,5.201139758493818,6.476104199579217
431,6.240622092588272,4.918361741275401,6.013401159259732,4.852047280518945,6.089091641650365,5.154100404099401,6.162337417614765,5.626206576354396
432,4.984127470425368,8.112420764928359,8.79678087515676,5.867253583606337,6.617051525579429,5.374304355238682,5.197863724080819,6.02779891124238
433,7.195216765307004,6.913288612989214,7.029080705601309,7.476673676781417,4.338333679696994,7.127324634105573,8.147185585882076,6.463633647799332
434,7.8153618109723055,6.979021673353708,7.679519611120827,6.63429731164078,8.427924481701327,8.353605391634568,6.501916761195803,6.4518917718817335
435,6.804239046212966,6.536609241622087,6.162605329859808,5.530850618443603,3.9863009162565772,5.216012925118963,5.365963478411251,5.134838600901774
436,6.43289166597782,7.918547721453126,4.3632562138959825,5.727611389161835,5.208468350735869,4.907114478281037,6.7268010511524,5.968572134188451
437,5.455021356862562,9.292174031275307,5.277099077016632,5.875290118822514,7.050511910617907,4.580722927174945,8.30584507411756,6.01706973258433
438,6.113915914879644,5.0065332210867615,9.134417943086065,6.558330281700722,5.710500621663795,6.143769119581441,5.834245761320439,6.350755172250087
439,5.514849478381394,7.06860450692905,6.655087579279086,6.3453261932492895,6.836139711283906,6.458562680646216,9.084045817933506,8.377068274764001
440,9.287921441068244,7.65597880917031,7.414677361580774,8.723523176672405,6.920194344231961,6.063889709371655,6.879306415201518,7.0170843369997495
441,6.101348462580833,6.101491681392317,8.407979058940844,5.328070398057671,6.242915405357224,6.337972760398301,6.545245769020507,6.420192304264556
442,7.320420732442327,7.2619519539751725,7.388043845566462,5.5876198505614765,7.115743379582748,6.81940181095839,6.455626717555082,6.91906945778522
443,6.60014039033536,6.621022824802938,5.405852150389522,4.6071405370773135,6.494717547222504,5.570043115390817,6.632295751121606,5.04287001825809
444,7.516576373203284,5.01286804114738,7.527452671958295,6.274766604981119,6.702333881866018,5.971438129549296,5.700921022491317,4.6693695527557955
445,6.165820819751755,5.311583684647293,6.138313994541406,5.483147670702425,5.616703396198482,6.6057389466484,4.892542814052673,6.066281618574008
446,5.56160388764342,5.726673503102266,4.917115336251049,4.686917312916161,5.658559314015782,4.6491748856313295,5.910570903906794,6.754166778169666
447,4.919448051557233,5.516065114035853,5.845344432605994,5.122105985976551,6.6076032009643795,5.649851294927419,5.424151127777371,4.4569461221334
448,6.353496528052596,5.721171607612422,7.302383613246189,6.513409946906403,7.284695945247149,7.339903722191776,6.2989648036990005,6.390694338215629
449,6.435723005322058,6.150949985157037,6.418139812226971,6.880319843678331,7.712010323790176,6.670578088622855,6.135660052901009,7.437734077680736
450,7.810582432026693,7.772036017047756,6.946994218878387,6.928856593824205,5.642224330862331,6.804405529590279,6.874773714126764,7.658746838332934
451,7.163663692097274,5.748980315044654,5.813539616377233,6.3365640094533315,6.683990153380656,5.4870455174893,7.099687535310576,5.917142705379905
452,8.457565075227881,6.728291329654069,7.099057953537322,8.157913910926764,7.763782187549791,7.353883689361349,7.279136366427791,8.721790476381228
453,5.5534661881124485,4.42816088366526,4.919278615678648,5.352242357038643,5.527039001007084,5.032630959647997,4.875656502415474,4.833472359321687
454,7.827161262066625,5.699194526272348,9.206796417654166,8.74803434458476,8.487218931764371,7.10969825568115,7.631844171558662,9.953703759136744
455,8.277040464015888,8.746062558138988,6.14426363502699,4.4392525328974735,5.933197816654537,6.387225378103696,5.528045724130349,5.139272783261291
456,7.220658273716411,5.9480980522925,3.9789606394890353,6.7333227228874595,5.66213941521286,6.075824670554835,6.3333778228020385,6.453978851965147
457,3.1879374771693767,5.093247492784074,4.6106146985715375,4.7474912048636035,5.054813473219911,5.2639171741076405,5.755605651665348,4.622716025001859
458,5.990079445168667,5.59336060453847,6.13069795795871,4.624140635545989,5.187197021509446,6.920385351472859,8.141705675755421,6.377577365824689
459,6.446459066943044,5.493612189312695,7.461864206036852,7.547478850373547,8.122369859054514,6.076730887537693,6.425414782357316,5.697128502298963
460,5.95680332385671,7.341801497337063,5.887997144725393,4.4870351355553755,7.19936759513179,5.670370029372846,6.157623083662125,6.7645433125878816
461,6.062054882500313,6.339825853247435,7.18969046356453,7.822856099919967,6.274769421699655,6.8794542223442186,6.914581846924543,7.04362618139344
462,3.1024379732519454,4.688796354724626,4.561833915646742,5.092674908055048,5.984300250631442,5.594703853198819,6.286757943764963,6.015251881792749
463,6.973185408197019,6.554783726217014,7.360346930746025,6.9554601153205,6.616201029222801,5.795925181156031,8.046569912257102,6.144471765773482
464,5.66913194716497,5.673463101705812,5.422795646377611,7.062213156320382,7.649024088023001,5.892107290486586,5.758673337154615,8.435236160471437
465,8.415582968718951,7.264544451841744,6.070231729223277,8.40452776445645,6.438784038509372,6.716195769059036,9.371399364943475,5.650279949037759
466,6.80368024221882,6.38927822575336,5.979777817464328,5.711299405092774,5.830412619949997,5.742787699556436,6.315098342732081,5.50975141366177
467,6.030238461088579,7.411123105292763,5.450788945171086,4.758544985634072,6.810630306730767,6.500147399949463,6.149040534401146,5.7470165210729185
468,6.613645004652928,5.7934218265179025,5.862821454028518,5.388840818567095,6.39036736841769,7.543306925239888,6.3660158976676176,7.246916760384644
469,6.191836710718225,6.633157628490352,4.910201979021294,5.472982003260956,4.8276667894556695,5.588471620540727,4.820424962201185,6.500146845581402
470,4.251325329952589,4.772334882051183,4.34179254925148,4.550763595412614,4.561745586336266,5.081184321598419,4.503398670584455,4.797350861806972
471,6.5787727479054094,6.202710515099341,5.865091223986464,5.700641292530349,6.135794103377387,6.444946484957322,5.747665035525409,5.105804528131361
472,6.19618002638749,6.271867525342539,6.570623446753498,4.8429968719996355,4.386103125599411,6.275527577457553,6.529078422394815,6.090101379509744
473,5.647297595760337,6.415335955716905,6.6379580808571,6.19683974009189,6.693001397292947,6.309696288580854,7.470535704087173,6.2619650667953
474,5.843675746929797,6.037086819665039,6.288030249439505,7.731899459442337,7.8581033382763605,7.886425233083357,6.784574424689434,6.971643397119946
475,4.754392609696233,5.848215508148389,6.396735518818369,5.867837862012331,6.486666034778792,4.92468203121908,6.094576550944109,4.536267015781138
476,5.285478520329969,4.737691207500774,4.642878291095758,4.334110809006082,4.097334367342637,5.214229145154757,4.0885648859545105,4.566241884585487
477,7.5254839155679605,6.663739266689732,9.569280488281988,7.38141255604554,7.7583817063306775,7.489924930962623,9.35611638003572,5.324958729077049
478,6.9375514806485485,6.291092985366671,4.979175022868624,5.850639200165461,6.596273364333926,4.9572886844451745,6.13795135345028,4.840947390990293
479,6.301099102148459,5.462787302506645,5.290150777629249,5.31286099423973,4.820471537297578,6.42892635266137,5.451811033584389,5.3310823147399615
480,6.5076831844635645,7.1839269436695306,6.868467355622245,7.013172781118893,7.722120460835931,7.6869809009265575,7.159723713878389,8.063647866803532
481,7.241690140189658,8.044117073936105,9.166233739336398,7.85340045308896,7.7666352045282,6.7605768826947426,7.139042760080331,7.30529080383787
482,6.265831389124854,6.075203772590773,5.980775187833424,5.242984841382469,4.947327135221387,5.108664152740003,5.009430932455288,4.774700442407087
483,5.589870494522161,5.420228496136317,6.410188594251182,7.418503787326463,5.5557823770046815,4.926685795597822,6.232445111382767,6.612100368747032
484,5.602925011571492,6.8217564550151595,7.244482071483141,7.978592631058274,4.843481677337379,6.799978666269633,6.747450704797382,5.499606148308669
485,6.492605774542416,5.759258679513537,5.83581389039357,6.169451638339577,5.1792132521796335,5.8282924309858535,6.2935510348722215,6.061253401474696
486,4.601666622009028,7.156403138321689,6.8471090342829655,8.40960853660831,4.568641121548598,6.1721888244641665,5.288743484236021,8.005678686016878
487,4.445364546489363,4.539211735866406,4.579548479121247,5.540325287903207,6.188921556753293,4.376776041650204,5.325435665302652,5.1401198280705325
488,4.0788976351979365,5.423956520054759,6.348061075202461,5.480708793722628,3.783996796708686,5.651154705702097,5.85215707129613,5.966733657785405
489,6.076322323642785,8.094674731095674,5.008850356462607,5.568443742761276,6.027897288255782,6.694142101558716,7.656797240719802,7.634716779912439
490,4.948392270631332,5.7954334864031605,5.576899575527681,4.625066353515455,5.566598116042179,5.946645946774266,5.303412009381435,5.435639213467562
491,7.084881826324895,4.344459159123982,5.610728175090529,4.284846377468882,5.248122038903476,6.440636419440398,7.029919134942641,7.121015790237672
492,5.090071243833661,3.294476300199591,5.938028490244473,5.576128454964518,5.467824960914512,5.059615797918381,7.745302475364878,5.746053998527715
493,7.426011452318813,7.221515452946471,6.3260307108054326,5.29682175701154,5.392796960695745,6.1252575105590275,5.505270682493201,4.953184100479343
494,5.7455379813954055,6.148017132155418,4.757068361218572,5.104684026416339,5.427154181121848,6.056093426786743,8.74833618124454,5.457484897782768
495,6.005054110595972,7.473031895297344,6.20264378151461,5.53597837111222,8.633993876727512,7.186054124132908,6.806729731485892,7.6156812587729386
496,6.766202849594728,7.377847705585623,5.281812251587894,6.160060339365525,6.8107156146954875,7.070388812647386,5.650234194768732,5.246713254664072
497,5.750995501901964,5.415897211663218,5.508638737977927,5.886583727818412,5.063457267036189,7.793035504613384,5.6608706453095134,4.974417979180239
498,5.731946684132365,6.664876708427737,5.519129018323288,6.559669213975696,6.100384107260802,4.576543708254592,5.823786330692285,5.282002217422948
499,6.331606543260259,6.207234775736496,5.813038592130014,6.599000775076446,6.194431616095782,5.7639867553921675,5.393863899675914,6.101824195259344
