,0,1,2,3,4,5,6,7
0,8.527370229664346,6.996734416475324,5.490627303672188,6.4581924391409355,6.393675920547921,6.6847546095627965,6.717453876315783,6.147099961821876
1,6.384119365554535,7.240134174706314,6.2130458538484525,4.653838774275015,6.426808275716495,5.635622082343491,6.581737819975646,8.190838470620895
2,5.377657646324497,5.118992942780479,4.955908667614851,5.064649665499847,5.302834105107327,5.126963895198143,3.775003479108152,5.041923324046949
3,6.061534967660172,7.343500781137256,5.06099365208784,3.5753902781494347,6.061365540985829,5.932467357420158,7.195420859585044,6.282215291276099
4,6.389421596035613,7.965344181054612,6.292863426311242,5.170409946491225,7.0834221385776885,5.885380455353638,6.32987379026638,5.603189513228046
5,4.744281331660566,7.132496469337008,6.240164464128136,6.303332207013319,5.495594261894412,7.098186201849077,4.669653029317841,6.284317284309766
6,5.255285229196477,6.029594876620643,5.977051482619817,5.6593755418635805,5.837327233252931,6.134869602522648,4.576082120388488,6.5189136603935
7,7.9315571247794985,4.984602325855836,5.935934176986617,6.422555396055016,6.433764740129655,7.518154748000559,8.351516574229288,7.846039388797453
8,4.916324303483123,6.10501770061587,4.9452994242702495,4.576142378689328,5.310133564172862,4.434260852609645,4.089959444032622,4.275330591752914
9,7.242563618405994,6.943594215590388,6.266976410310326,7.933744162473045,6.651745969440046,6.993940070653049,6.22757588394131,5.9744834827104665
10,3.9113435897486006,4.785372838723721,5.7511511065188206,5.523443303898667,5.05222785461832,4.532140031897713,5.143631694122453,5.492131498691885
11,8.23218954450949,8.077374245703124,7.6855833826690025,7.843128511997388,6.622712327829239,6.863272774875944,6.249050936898485,8.686759220242395
12,5.375892121098471,4.792282682594553,4.340939810359095,4.77022484528553,4.361414524291568,4.772543800434764,4.303727826478026,5.871028969068895
13,5.422059063043846,4.500856872165418,5.544486504756729,4.288465167386002,5.313035353562482,4.609641586840373,4.791638787163906,5.117826696378758
14,6.859694435099764,5.127493616912019,5.849811995145286,6.731138092232604,6.799564088154604,4.978785488119048,5.967687860694435,4.879739916662778
15,5.7478255220969,8.02440302811736,7.880868373630625,6.651577024231062,8.154660997383049,7.2973750668327355,5.177177760053298,5.901042962408058
16,6.246116270059848,7.126904110674976,6.2548240409934674,4.516579867433807,4.956572995043507,5.2226053226244495,5.335887368793726,5.650083708064886
17,5.596027106527206,6.789018229528403,6.945333563690497,7.136618883069113,6.280428829348186,6.713567760017359,5.435713757625746,8.310388696841086
18,4.160253262259511,4.890330932819575,4.394101346400387,5.087341459789775,4.729331596560989,5.101120564923116,4.925398718906312,5.19692906479984
19,6.057898691702222,5.361608795681957,5.086974476747381,4.909500141766626,5.257224746639647,6.248049580267737,6.158287850589244,5.748357494832463
20,6.191824236272392,5.36154267216624,7.056620899956985,7.851894529266647,6.868740817428901,9.16142153218926,6.0384616342545225,8.45115254498363
21,5.658205760245524,7.933468285700503,7.136331737404619,7.459979227071005,6.164328286117354,6.508405345901683,6.369601940838198,8.124303390490567
22,5.873894340105303,7.965772979212157,6.845382536251611,4.440168969895476,6.748754964433177,5.770355669078244,8.335884094963006,5.692323600710216
23,5.603784498590555,6.826630616398678,5.92073462870299,6.36927404383473,6.710891504612095,6.2464181886743475,8.085168560175816,7.100021550579847
24,5.513881631668036,6.342637253445345,7.836772646123319,6.489185758063461,7.306222699163073,6.412377600141768,6.673861056158709,5.778966992225587
25,7.39872936675435,6.941823300496421,7.85973976221802,6.471767958206996,6.451564828486636,6.56432584733119,6.0389546017221525,6.585835376376828
26,5.254878202014387,7.320593385603046,5.418339515928529,5.981205289383489,5.822560526727609,5.58735349681487,6.302119760948222,4.848995608209681
27,7.5116189052249425,7.331741574058561,6.111480379996858,5.1677800887557455,6.987048913574021,5.981684348799571,6.337569371394927,7.578443130263356
28,7.838272550936277,7.01051832400462,5.975316413142075,5.765216258126069,5.656602919481889,6.498906829949535,8.354568131623996,6.319146237099812
29,6.573658367214014,6.974011216840512,6.966842460069243,5.61729526488283,7.053062155493012,8.020456816874686,6.604851556837141,6.499829792682632
30,5.772688239685254,6.134377603203522,4.50660278967604,4.925336075216482,5.212434785823425,5.483034782801181,5.909602150708177,5.7377917342289955
31,6.179076786690851,6.658734131818857,7.241579344694832,6.58122436814675,6.355222700104248,7.735512386795497,8.218584929412982,6.400089720271041
32,6.221981141075188,6.2341128635042145,5.102830443825694,5.160161981649708,5.793514785524808,6.019663086885218,7.1922531089741115,6.163397005383544
33,6.807205666783819,7.617691140366817,5.565505336060924,6.966623103473413,6.026157806140265,7.755494968981309,5.830756841826195,4.674029287959274
34,9.557946458579952,5.518990218350365,7.773642250489974,5.622131449458439,7.643208948679399,7.192861060806886,6.534696468172281,6.477138397421924
35,6.351364920689964,5.660612533198502,4.818324828784537,5.668456134262505,6.226665629759827,5.937102449916007,4.6832071326911455,6.129961312076158
36,5.3602960121647625,5.184445382746641,5.192670293376011,5.728487045664102,5.010040332729654,5.572877253746441,5.631940415789531,5.542256821930248
37,7.324612865899063,4.029726002651986,6.281097122153356,7.153674858699776,4.268678769723945,7.239403506179399,6.99445257592128,5.821493953413479
38,4.609446683321102,7.00649703215686,5.123894702146056,5.862906688152509,7.126802864608218,5.158727258415495,4.847117549257254,5.129491501761348
39,6.258246320236086,5.214201918979603,6.786812413448659,4.9103162459963645,5.411910995588961,4.501463679469646,5.769616285925361,4.210659897337995
40,5.835292296675579,8.0469814319733,8.885335539380925,7.005058265024161,6.882222660622927,8.121418307124179,8.302351400800484,6.0834461979154675
41,4.522738327434726,4.244818809619626,4.4479218808746115,4.505805802385266,6.8188918122034226,4.3627938563607245,5.004561715887856,4.394090184951683
42,5.618816065414876,8.495388478764813,5.208607227075108,7.927266573254,8.146120692027871,7.916781968906281,7.185524090846493,7.6872609237131595
43,7.627527767660537,6.898943418031875,6.89385127977593,6.202611082492884,6.058855435454643,3.0773376466888234,5.470238975121105,6.433824107840603
44,8.125411973608134,6.1101971931863845,6.821433592884417,7.257679764216442,6.955662906982752,6.113326230938061,4.953757669730251,5.089835208314291
45,6.380046928536583,5.5056233306453555,6.84501013887618,6.189351020114067,4.778468987910101,6.3197251897408995,6.7485446369309985,6.99369363402717
46,7.920705507073156,9.02738000621764,7.641053170745257,6.47049519028157,7.343551050302369,6.861112156170288,8.585498721511032,10.37859883987172
47,7.113535676472963,8.148115580449373,5.8043577216382065,8.133461494454043,7.290173285624463,7.270321232037848,7.69885101163863,8.925429234506113
48,5.521309225496762,4.668627654620441,6.974038004806305,5.2673111996997415,5.177323128532945,6.067749390967966,5.86484778425762,4.711603191912032
49,5.588101432009906,6.359511256734037,6.744499191146373,4.330625442751955,5.146854735783137,6.115492725538839,5.864606743685411,4.4875172835508765
50,5.400313159387903,6.5746302140473585,6.583470497594236,7.678748126045305,5.614278269602408,6.636205660207708,6.631401622019516,7.122860623272285
51,4.372727215510104,7.0854114856367785,4.985653740390276,5.480698014760073,6.571143390307751,4.18702153860306,6.153213209301351,5.054680608324562
52,6.437469470174443,7.012052862512084,6.589411744178737,7.32667970708535,6.074534461622481,9.726525499372087,6.908201848281482,6.52711043444169
53,5.072668845428904,7.006300922618414,6.598630723142145,6.837204654222354,5.842363806137474,6.193871794934354,6.2734291586442215,6.02576403986617
54,4.764593517037497,7.692559134299821,7.149116503943713,5.350571758622862,6.22663143660561,4.291107639868447,5.773884470545141,5.48209043574136
55,6.244135058414268,7.087908456128164,7.21491028887343,5.562818647032125,4.9271711472255815,6.021640633910698,6.507346775334334,5.307231556286879
56,5.216635205618141,6.213173176337047,5.391463337007011,5.132741965144696,6.05947010750514,6.009826431820874,5.1709464169796435,5.113661276312076
57,6.796737618886017,6.730496551549401,5.878584521629838,5.177041614955929,5.8893362241206795,4.785025831044309,6.215342761191077,5.06808971321007
58,6.693693677011785,10.24851489821306,7.813196617227153,9.254145448804223,9.489331936944225,8.049325401124275,8.759933658629539,7.571458044447906
59,6.544626913473985,6.362339918607552,6.855605913981893,6.027839222391975,5.671376224067538,6.3656395429100545,5.837323600027692,6.291299174612627
60,6.592917666659036,6.924652111245562,5.778415328782945,5.783181961565142,4.659912048487757,6.5234274122817,5.754988539613471,6.659865829040096
61,5.2401783238991095,6.055147110334515,8.01954053839715,8.091302952282296,8.634280222360847,6.521751703000017,5.052091309679143,6.3539431394311086
62,5.69097828931304,6.5217423619430415,6.097979198538027,6.296319235754576,5.689938826640181,5.988209729901767,6.434748944918739,5.351658046560617
63,7.479680001023331,5.916240861803137,5.433218500223382,7.679639503948366,5.824468751580263,6.533578176698107,7.6623362147481044,6.989133670060441
64,5.456312807835754,5.968114568062824,5.817707284648432,6.074724431118283,5.455946388628492,6.478824760998962,6.206350775277089,5.703687408966376
65,7.284943312717302,6.279329752152378,7.685458283074067,7.9110007853795485,6.098522151276254,7.6997480868234,6.378690647004203,6.069953497718202
66,6.091975537239047,6.9976285126681965,6.56035263524734,4.741245360385728,6.496187934534251,5.5593249266076,5.883486677069299,5.750327408457428
67,5.956644310425361,5.6680867500235514,5.338782032580557,7.1981552725514435,5.271037011720631,6.323809322246778,6.544064825733658,4.212798044704092
68,5.669584707515154,6.349262153265111,7.133562930660069,6.456301476683661,5.3651986639732305,7.963160568160333,6.364894525848857,3.6637408472122117
69,9.178499673408595,8.993465291959795,6.0229200122802675,8.182845529912356,9.0652663969021,9.620298216902762,8.437242471722861,10.163638320157013
70,7.911237670121432,6.85170370785332,7.89916811568511,7.310373116959195,6.619254733567305,9.841702201854574,7.887925912240481,6.136240909500803
71,5.850849635726497,6.695223959282451,7.154341999365797,6.792750248035135,8.372885637204897,7.878219326873793,8.513717798513486,8.105531164332781
72,5.199318953490962,5.713895625699683,4.874517362125789,5.038285785242287,5.306432457741153,5.421725555779513,4.862070473367047,6.25228049652623
73,6.557109512938972,7.731376493078438,7.834765178743165,7.076182613330016,6.780231389656058,7.048493319993132,8.125746817054,5.859504846543534
74,7.405572513076304,6.383648636474277,6.787144682551717,6.629696551556536,6.613182616767309,4.8154887185937305,6.265712573676569,5.3558174556749165
75,6.527163539819294,6.518413780303584,6.416998625770271,6.207434638346975,7.26122230692988,4.844562191646471,7.056195646797177,6.722012414631495
76,7.886510581233768,8.2056801483016,6.740381866286669,6.0475608126458775,4.222708993150771,7.506793608436742,8.790713515907537,8.714762506100064
77,6.3997709144433985,5.5653742313699714,7.202002660998627,5.986279651917131,7.959992222355299,7.1223698569420915,6.741485402127642,6.748702281402158
78,5.592165523172127,4.857718255352712,5.439974282363367,6.547455294488589,5.289752270963743,6.613626632473422,5.376042403702684,5.321794201611987
79,6.55276839154411,6.352124774516311,6.247069981251322,6.148622969126689,5.048126933938258,5.7300835016635006,6.57855153469349,5.757481117758788
80,4.775189368850521,5.493378889618968,5.639003404113323,6.350942919847045,4.266382732155431,4.955358931047265,5.124675028818062,5.544563640989489
81,6.247791457482531,6.42713987356747,6.833340128846208,5.449287523275123,4.608680730934796,6.398404861997448,6.405244393394935,7.6237289181811025
82,4.5023815362507245,7.322069796776104,7.442498842310618,5.4780233081555165,6.529242007572494,5.803224383617192,5.202629118157987,5.66350435264052
83,5.221775190412654,4.225824751730952,4.749763959397613,6.179510956431097,5.038127713173022,4.940731516064756,5.480876839487237,5.231106527242032
84,7.2005456403986665,4.808461591916072,5.267461020642862,5.598006051459107,5.964102108196556,5.8455323092496485,6.057896707421458,4.355396052245592
85,4.8390191087948375,4.557824285745662,4.700985081953725,4.465742212983654,4.52652050636939,4.031498321804364,4.667085346683749,4.55656996581657
86,7.258969483290076,7.197596535006068,6.049682789981748,7.364255345715901,8.595279645376605,6.898039431655239,8.93678691137881,7.464910173391912
87,6.217948737246959,6.829395025917175,7.358171221442351,7.153405006727443,7.2650316305891245,6.833158872152669,6.979089209092656,7.14923789322796
88,7.271030321082409,6.839525062691618,7.38702524963268,5.515199329248404,7.651418870827746,6.856242687060146,5.131803491736946,7.366311050179737
89,6.244552606144454,6.52079170883099,6.632622854550968,5.687640670811289,6.1111052892516895,7.120040614728541,6.9069993696682275,7.02158320508976
90,5.854205243439221,5.028126969367541,6.7540429202388506,6.015617135317324,5.806574379807053,6.32223086949994,6.90142124423678,5.731502183903298
91,6.476371613756594,6.57944981859832,7.098777476060347,5.973113451826055,5.226258098856677,5.965114427888073,5.039303183223301,5.940248566662708
92,5.809922787131825,7.049321793737677,6.161615618978142,6.209817574248765,7.4442587145311,5.532190804795376,7.172470146766281,5.865505037897602
93,5.510994064898476,5.9308298122453245,6.259938087291014,5.099487439997324,5.217940652522359,5.770584412725814,5.059346200041511,5.621418008169896
94,6.100958452120407,6.137936271718896,7.921334355403664,5.8505221227415385,5.947621504766729,6.766813234458102,7.37561507619222,6.0094419336643
95,6.379271907850081,7.875690887334858,7.530759354751498,6.2904843665341215,5.066625751306068,5.162628246834783,5.614333930477262,5.276200512944686
96,7.182067001120882,6.873448209796177,7.757198577110725,7.038897045365824,5.03982929327753,6.653738851187412,7.00199848403863,6.6345602717669205
97,4.763836300706722,5.48807358178091,5.5978924746855965,5.274439962332878,5.091189207644255,5.977791816695131,5.576832752806834,5.685469470440596
98,4.8207336028210275,6.2384613078026705,5.807792813789297,6.478890450876119,5.554239177596867,6.275608768152481,6.39698020383795,6.309865700563443
99,6.098923515350695,5.773122819237513,5.237713267426913,5.726686024194793,4.654708557977549,4.664445457016775,6.181659100608376,6.673315859516624
100,6.680621351996159,7.272057262354457,7.1563596673582675,6.983595224839796,5.103337600082185,6.998143781621254,8.503452669217836,7.7275266840833545
101,5.922194390930998,5.4661135791344515,5.117186021557136,5.638778370277679,6.250071907086523,5.248066423944812,8.687913611797441,5.756892840887103
102,7.527968225023991,7.338538946006856,7.119554467549136,7.493025042246954,7.178374267886423,8.034904839948917,6.473108763985761,6.485025173643404
103,7.05765528524663,7.0316497443941195,8.221423915742848,5.5535775103788705,5.616351201252486,5.149978300615036,5.463594769568,5.733895016144599
104,4.14171764786359,5.019498252817953,4.198893311773134,5.09048683298859,5.416345621932183,5.84926576358231,6.6002517792179525,6.2034252578545725
105,5.242093830395524,7.919194528564463,6.53204571625862,6.950385055632952,6.457853578367234,5.946142634086989,6.520302630152577,7.032703632449336
106,3.345293905663036,3.772166528259048,4.1815961416517435,3.8643262476413436,3.5811966533623023,4.355556914124215,4.970841348750425,4.6369456500298565
107,3.6683973167147625,5.271933267128699,5.131206635776279,6.03652621866599,5.470131973851209,4.398718402561142,6.514250576398369,5.474693666015351
108,5.336284756414278,5.267363465582883,6.263114815337487,6.488606433686503,7.008402518203786,4.969944169170056,4.689442328654187,7.037305437527842
109,7.427116968431692,7.556769847618015,5.330396807543403,6.387324741511935,7.0401420068316,7.6975199244265085,6.033183571040596,7.254284964614608
110,8.796536290266483,7.8113751567656635,6.0559203089904,6.949178561793441,6.028196393001293,6.6241194408297135,6.838590281363578,5.9799927526185845
111,6.266205531205539,7.143544928443797,5.407648415392975,6.050842260185906,4.922248829879524,8.496293324935577,7.174622770131823,7.2209907591633975
112,5.515646271407013,4.693907685451827,6.240543312000454,7.09608675892527,8.03378567075729,7.668110338873492,6.341540306449819,6.89659926700414
113,6.1636499106463205,4.986012018038863,6.394745982010779,6.06310519649805,6.748768232381099,6.616166117639708,6.678471597528198,6.118237206642503
114,8.114259039634378,8.81932225546485,8.519210541400936,7.412325166565797,7.094184701825132,8.823248469084334,7.240130781478337,5.8204915959652865
115,7.190074575695952,6.049314854521931,6.9646559943844,9.701246108558635,6.3976408205465605,6.249630115237919,8.958985201617047,6.764636121352517
116,5.295461528424364,6.190592183604306,6.473469579587785,4.3780209682892846,4.358439204595443,5.115357629063966,6.175457790395915,7.031209010195274
117,6.940067994448595,6.318257195434737,6.493176757492771,7.974779108327811,6.4614450613750805,6.163075067432468,6.626996329264937,5.67963925779375
118,5.051699588284,6.643000495855917,7.003970838632685,7.401988254120459,4.122994752575008,5.113361112018675,5.646269903800011,5.461499369409406
119,7.435104247265103,8.508847519228722,7.645600398812214,7.36660241029263,7.700046341296141,7.770169119354871,6.331668703314403,7.2468752678800765
120,6.18171514799293,6.821922337677928,6.485809679124734,7.225549683601894,5.528567076107266,6.864580858694821,4.188194463441081,6.68774366426548
121,6.2816434799737175,6.826737936596513,5.696262376537587,7.6765979478860915,6.830914264746751,6.7235033004539035,7.186432400395779,8.462199709067143
122,6.616635258111673,6.041941231994898,3.6165008716729643,6.069531096841295,5.231158941299323,5.477265793854175,6.388955200554573,5.122659423065762
123,7.030818305976233,7.095508693955396,6.700847775282022,6.522510597950519,6.786116947365262,7.29648556273555,6.58625864776064,6.096991186109925
124,8.458951919691957,7.044011371092998,8.015409175772298,7.574492154912621,5.927657547201596,8.530891216392693,8.741265378858921,6.083545369779287
125,7.190513373594408,5.033927785373399,6.781883782559117,5.569869100030279,4.651636555037885,5.309602886300485,5.515566186282371,5.973235631382659
126,6.320246752654796,5.845585734225203,6.319864088143866,5.3839655557573725,7.23025232130265,5.515721428809252,6.856139735261509,5.334408172952155
127,7.533136105906867,8.946274940435458,7.289759944695485,7.818391898825639,6.079251296707813,6.799144483510684,6.676140732150391,6.709784828653942
128,7.194971119718698,7.132065041261101,5.489502110838065,6.464717574154749,7.638043877776027,6.387209305414472,6.053777160083836,5.779792709957564
129,7.714396971959133,7.371508599492325,6.298343659858688,6.628024882622455,6.978973375985133,6.788566521439784,6.674437514426184,6.872851853664335
130,5.5875632239083215,6.260370902563508,5.27010122041458,5.307579531187395,5.186840644381929,5.736941493733224,5.956595384691705,5.427136174794975
131,6.5018837497795925,6.485133174276308,5.781950753972077,5.570370646675727,6.872121645363488,6.661489784731931,6.852802305194333,4.684557554802043
132,7.4571024380827895,7.822877514599826,6.700653571639166,6.856022500912036,4.4776467059719325,6.230847035524919,5.3526976515968885,7.988624176796632
133,5.698151060662629,6.435985332021835,7.507792627214089,7.670155101480729,7.688427355837946,6.628572222700424,7.352287147280285,6.335622627044347
134,5.829913678170622,6.668428728330661,8.323492683308707,10.335528344320506,6.951980573915609,6.367535156091243,6.61941482755073,7.075597320830226
135,6.989723018464333,8.385774802330754,4.394783971149205,6.288205038821436,7.068964576210934,5.734908293303631,4.33500811489213,5.957637209043112
136,3.9325858711169914,5.18691430119705,4.366145214274474,5.027145851689017,3.8909289783510763,3.8693087728894113,3.7848739708927726,4.083180540896742
137,5.792901281253347,6.833657374680874,5.85853458728413,4.486853899009448,6.64244232926653,6.197694999792079,6.298223209595185,5.718393548687404
138,5.442872353881247,6.212140367519092,6.147225940612949,5.405952545048394,6.025518194015419,5.918375084552453,4.116851498501919,6.140267090834968
139,6.359238124730042,7.12785150800083,6.8505014552339665,6.309774284835863,6.602182024699075,6.218462464815381,7.052760834912603,7.492552959249323
140,6.222124654819543,6.1677951089711165,6.6074252735538,6.27106812996012,4.883384708890955,6.715644209506113,7.354429313084343,5.979733270534355
141,6.626009134128624,5.3862232694894585,6.267988813634242,7.598030322666041,6.197025883507265,5.431854562272756,6.620493129558574,5.6293714450979335
142,7.387393204438264,6.434804402475156,8.224315526575023,6.785790723325017,6.011654810723554,6.292926045722619,8.409705748953579,8.132405621182388
143,5.601453964283779,6.26407775956259,6.73152256867807,5.695535214800336,6.0448333348535455,5.830910211413318,5.543014140329614,5.961631684623406
144,7.035193729526986,6.68625163134739,7.388443799192353,5.249826164200563,4.3724301386164495,6.479274103988984,4.5455386099026684,6.250441506616021
145,5.893616808301749,7.574051666152559,5.744606120893971,6.03725386171118,6.234680809842031,6.567494099026321,9.52827019587357,4.630122098585943
146,5.7547238489237005,4.257713917517164,5.3192231157139735,4.265457246857624,4.498071430461373,5.474877657384739,4.865519644856944,5.006961832836975
147,9.86893218141677,7.87080497146679,6.95419128740115,7.5479412612205365,5.588607747400197,7.4378169685518545,7.74190937553735,7.029001114154346
148,6.866083226134942,5.4750484211781165,7.021026746733346,6.527048217216922,6.940591493744104,6.5176018316629785,7.151391451358247,6.63598103479834
149,5.9862392766552075,5.755906774139499,5.403093650960496,6.422573686557915,5.804341174138514,8.28718016474163,6.376049175002445,6.3976309367909785
150,4.083078346878515,4.3453808490330985,4.353576219066227,4.257368835019573,4.6434384462758675,5.062181281235422,4.234890171710478,5.465296131553477
151,3.7828878951870424,5.680494067093648,6.729297760646537,6.060300489950281,5.6271111698783205,6.369221012490225,5.902422800823819,4.069693447982217
152,4.370081197053956,6.174963204226411,6.7662152976360685,4.854406013482905,5.8824261634414015,4.3879895522190715,5.366372920961258,5.709181505328383
153,6.972958679023514,8.264106110652971,6.2099679625384745,7.877785996590876,7.340387835256429,6.578284974680236,7.679173447388881,8.272943236701478
154,6.020369449947674,5.5631199248652425,6.058938289452712,6.122302492336496,6.6871405163382605,5.6578934020038565,6.381963984314694,5.677189308148666
155,6.47530542581702,4.5209908726093335,5.599195746310023,5.469541886093694,4.901633824098922,5.82010042351824,6.420049382433827,5.956480605887881
156,4.9772265448206605,6.248950606945539,5.452813534648851,5.658029265645267,4.833842958192643,5.373883302952141,4.688813480535865,6.211766626568145
157,8.481117503330436,7.605087951434844,8.472515030978144,7.077635787357686,6.956128320265881,7.7816447366645916,6.574003109838847,10.887903650814673
158,6.690966912879213,6.877806907004073,5.160858957263728,6.417795288479043,5.367539250763215,5.523528505558001,4.667314910635263,6.119749952813059
159,6.638214765307397,7.358634238003984,6.024554092558475,5.444514831584486,5.318156838085531,7.039115577212953,7.386322221083234,4.511033662454746
160,5.412052902649456,5.489743867938364,6.426901130193944,3.6518842122219857,5.399859623500232,7.268470948319257,6.270087640336966,5.505239851357793
161,5.875595274174344,6.643948056485453,6.4986863362212155,5.625502445696911,6.078199028361325,6.321443660332517,6.4012302819362725,4.814597425277899
162,6.283219215652403,6.365418719209469,5.698156941635152,6.986212760669392,5.8292569472918245,5.751196936549056,6.054078644580917,6.327168856626289
163,5.285142069932263,5.007731874429195,7.23719866336166,5.729726274991803,5.694882394527882,6.751742479211335,7.4405571653355365,6.532383084648538
164,6.013285587322371,5.691259763291205,5.177251963721593,5.59505848550045,5.466738818516147,5.93263246991172,5.816268502607764,5.398629620190456
165,6.000182538891368,5.0229460488993265,6.721799558175395,7.741718338514551,3.2814064117931494,4.877765212925906,4.770169874030532,7.880145708858501
166,4.848358892815435,5.697699221238812,4.766379987464764,5.198022911240157,5.634433294520666,4.344098366779012,5.534400074019381,5.4229216601207755
167,5.699095958562667,5.381236003185898,6.00595125726453,7.535759881336082,7.011006331717244,6.449007077768072,6.046541578016044,8.73019548496231
168,3.5088870002955947,7.009696932632829,5.430074502082282,5.404603073139377,6.2216411603348645,6.06267299504865,4.3579955935959775,6.164272000516657
169,7.152370395815895,7.449449377919223,5.590547641921696,6.341245065107758,6.443152723355475,4.996394652919371,4.067063333483468,6.767221458674745
170,6.405673732626297,6.374632695608921,6.331805684265067,6.624375969856595,5.743020208858469,6.572293818053382,6.289035155461119,6.069830454079713
171,4.91374858236512,5.365414670283161,6.371309187559106,6.34181053475632,6.1596838896799015,6.594793828725216,5.309510098051647,6.414059902078311
172,5.435977169856281,4.683945728828876,5.333321715218871,7.18215072443202,4.915202067276095,5.790827015342292,6.826963675156207,4.790547923844455
173,5.001689963060268,6.336901886260052,3.897379145967654,5.583762667369031,4.644276956680996,5.569828305099165,5.803154909089461,5.9568635584509915
174,5.608455850384877,5.72671911966649,5.64254342756204,5.760420337549485,4.66199357181746,5.194650842751161,5.353529001229742,5.070041773599775
175,5.8875390437365285,4.469623235026137,6.400590513419377,6.013194812716774,7.127942344986468,6.351541395630887,5.545357950690103,4.907179396575368
176,5.914397151013973,6.773884740557407,5.069117214753162,5.457074817776374,4.483360457115126,4.2131013393688574,5.116504134333375,5.276661538145737
177,5.390370470045524,6.018287427050091,5.498797784845981,5.95878057081926,4.106116930258742,4.859942996467652,5.805084469408085,3.7624945959955634
178,6.03884428194938,5.612141820986057,5.377617251830689,6.481824791260798,6.9363640406481535,6.837005897979159,5.995313996290875,6.002344215948699
179,6.38791576121391,5.433615195979212,5.6224986200834275,4.646980629319346,5.505113051068488,5.783969525920589,5.128142862859883,5.579226009761079
180,4.582013616773685,5.901110178961108,5.782503125876132,4.688555567762658,5.93156088703668,5.847982814671157,6.231828779345633,5.039524161812263
181,4.3032344501218205,4.560838580702526,4.480998469838539,3.5354956765770744,5.294744842858837,4.403627618751018,5.057069390671818,4.206212472044956
182,6.285328872670587,7.97116323412701,6.127693966627948,8.109627911544106,10.340302058885431,6.864272737225941,7.844373098167875,6.428744832849212
183,7.7907322383398725,6.632379436918997,6.8114591706627365,8.243813294881843,7.399652622944229,6.704035652784112,7.847610955959673,4.919525589895337
184,6.159750014125381,5.430940872571401,7.515797330996539,5.407740546305906,6.051054137058903,8.277246423937173,5.888699722323291,7.453891470150512
185,6.062479593407782,6.474513308880196,6.731995614623319,6.9364334032255845,6.65933391422617,7.180713515606881,6.641624312735741,6.582898565067928
186,5.766522375282999,7.093889998435828,7.208209183988457,5.348361582301937,5.99615675671593,8.560964360485725,6.257948097602454,5.810586764379611
187,5.923065256411942,4.74777935941943,5.203907859141709,5.002869637465441,5.003565491960039,4.6532578576483985,5.364137857761467,5.153159712596549
188,4.838500497352666,5.2879770669667225,4.925514200839418,5.137865240931816,5.138980804533383,5.577108112909334,5.323445757794122,5.48693931859976
189,4.642141332126419,6.1392560886683025,5.060212639492022,4.660775700190356,5.143690829859365,5.2853623220510375,4.500703637865499,5.654112551250677
190,6.836628331199346,6.804958777877011,7.446502570278979,5.4039654512509525,6.901109020110009,7.966947697556509,7.589977032924798,6.867821885599851
191,8.05798105989839,7.0670689139758185,7.985635326242956,7.168750745612418,7.512422006692632,8.45852171343413,4.926029639291607,7.5651424649496155
192,6.24722361163717,4.7224803481754405,4.969812347561681,6.792293141485526,6.277060974004276,6.24061801792665,6.3319757106837775,6.03653324166151
193,7.026252886125213,6.043555901740299,6.665656191227643,4.933890240115384,5.054208062180116,5.727979332819275,5.767866199311442,6.261190787580585
194,8.604143077003322,7.041067055725841,7.127625428921147,6.471975167898672,7.142912627590696,6.8786522270199,6.054246676126048,6.193292127610856
195,6.094760227883272,5.554547844867382,5.866778116575538,6.449087600753157,5.693519519461085,5.719949164267217,4.915217973979222,4.330126333429685
196,5.717457114189668,5.181768370351222,5.172953474940579,5.026455677679137,5.08788471849048,5.50469529053212,4.9574889523639225,5.650627345139174
197,6.494319692657109,6.6263542757162135,6.992814779893055,7.339660782340789,7.154821611352587,7.173579243767598,7.766266050216749,9.426616933314145
198,6.294930160711224,6.73469736256553,5.426474851152584,6.856923750649754,8.617398348731024,6.637182294048719,5.091943964173632,6.329378381033405
199,7.0115661234353786,6.205428152194138,6.104782633727703,9.551381361633021,5.317611918887953,5.8684697563062,6.413031105865507,6.339953993463053
200,6.2327165891313765,6.444626971798101,7.527355807947828,6.027215628802169,5.522780568136843,5.646053604521179,5.669480756132296,5.825032468179321
201,7.142493487822258,7.6659608924289655,6.261712830816157,5.48091224760831,6.740044171563265,7.52339389899858,7.750830511543333,7.863434051328987
202,7.96924869639453,6.675433642101909,5.589237008577516,7.475742065917691,6.974430843340317,6.542166163783408,6.272832135814986,6.0832777105956755
203,7.256034551637267,6.837004815069222,6.772340024083294,7.17827847898095,5.654122010889376,7.251575935031753,7.275862694411003,7.968992613667526
204,5.430104163590958,5.175150243673411,7.102687697584729,6.629150433264351,6.6211588734477385,5.2740694093699405,6.153459252808314,4.815385225585796
205,5.787197757798754,6.1069904917412465,5.996684618420123,4.465648376270713,4.602846060838518,5.900325120145866,5.697043429309694,6.073959969228635
206,7.657475883074097,6.5273043270795,5.958423376029147,7.05714111174229,6.3416719374535395,8.177527910790046,7.1362936672438115,6.6978700865927285
207,3.804626540878945,5.2405059658278255,4.697466420785895,5.270471714682214,5.925799780388718,5.47489615321948,5.164717234200546,5.34096369999095
208,6.190159125650588,6.228420765591919,6.403938285823065,7.017313779600691,6.268124497668439,5.561717151539752,6.078778970957604,6.351383054249903
209,6.812824738800328,6.231570247355537,6.340866822088294,5.344061571926435,6.406957627018829,6.723769051284399,5.406620466592906,6.2305268485265755
210,4.37480492230339,3.5907190074590725,4.272327591285423,3.8190702034533133,4.87773822876542,5.370438498587631,3.8334093674039527,3.3945301081490844
211,6.1473226180057585,6.7270067841383145,6.125589539218404,8.13246648982177,6.5935810285326975,6.8547244999389285,6.029355773884398,6.861626348346508
212,6.55019697333369,5.5897918986807795,7.6069362967498035,5.655673773521164,6.626297839707796,5.339802895056703,5.430729451103962,7.037262762612333
213,4.658732274471207,6.796561711334628,6.375764124262636,6.8022912740135935,5.415331119975074,5.304862640309758,5.971926575262869,4.720006318202773
214,8.397169561183045,6.437439499704298,5.635363925688023,6.757126820360956,6.982685921843995,6.122031313753807,8.162418387005053,6.7084550792505055
215,6.535235157815514,4.537146416289779,5.953230974122971,6.098301012451285,5.743283746156825,6.10319747342928,6.496276938540615,7.067230577150507
216,8.195941694666683,8.908667444753675,6.580839293516143,7.516801014063545,7.510235468353721,8.161513432327371,8.204473145527034,7.453433822171542
217,7.442871704324184,6.885551637577531,6.939985846405816,7.05373031869387,6.968126725721593,5.900361168870412,6.376042880312413,6.38522698002461
218,5.42326471805062,5.932443125588813,6.221435541511119,4.324027761895283,5.6993235771701345,5.632071195376714,5.0769649002620545,7.089709333387601
219,5.3351496954115305,5.877813068889635,4.536695144640218,5.01668336309558,5.449247886575246,4.637858795659475,4.383381321034972,5.317138318611809
220,6.430846496857422,5.302234609685506,6.12542946133837,7.509608564636733,5.621456701017569,6.017589102217975,5.194854216760249,5.664651379209543
221,6.968167590125947,6.981967092411901,6.927550006689959,7.200038969416238,6.54498732673326,5.703377727294472,4.978433754306443,7.534265430241935
222,5.535176843307974,5.7816209096021405,5.020029272941682,6.086267667158458,7.73919508684872,5.998428042919545,5.53932293047943,5.301450337059107
223,5.7440956087571795,6.246786515142387,6.3167231949158875,6.622787730469227,4.65333089033573,5.768218837474585,6.96352189952179,5.730758101452836
224,7.206787952827929,6.14931311179067,5.134555892113516,4.7995992826504,7.310655763236118,7.270447868510374,6.629466629378175,5.693216055069422
225,5.8786212383147936,6.904045263770191,5.584077128805635,5.707525440314018,5.130322067436242,5.954403326185741,6.559702135616748,5.032416613232724
226,6.674846837908167,4.995179039553383,6.622385992243273,4.571444730682053,5.50463946564619,7.286908863842624,6.26447236759813,6.589795362701886
227,6.366738993867482,6.688036926956337,6.215123761221652,5.354342019533742,4.734804407113439,5.84081711082464,5.447347113833507,6.348932795315298
228,7.055896767201171,4.840038934283774,5.223912007477272,5.909003019806026,5.424901767137973,5.480734357255402,3.628953025048717,6.600953637294508
229,6.783885833019432,6.412955740050086,5.063167977288889,6.5810291116024136,4.795209200085012,6.6582973739633795,7.08779258073824,5.967001782366693
230,6.766340238483005,6.019679950338462,5.400433801121061,6.62755836047106,7.526766121348041,6.7287142892457315,6.522340971997478,7.344425151995242
231,5.655479422653501,4.59186134039503,6.819167790600344,5.643847348924009,4.881198725235599,4.207217219637503,6.099296267417576,5.512062700212072
232,6.125749953375579,6.374724824501878,6.800789891738103,5.9092371606483125,4.629236296061955,6.499741341311234,6.743789522727373,5.687292945133194
233,6.521428870832885,3.7600577531490234,5.575824806776327,6.94074577139349,6.9223496679496295,7.06180016371207,6.181423468124343,6.155771934089709
234,5.362244708760768,5.505085310689542,6.286496537227158,6.4945895769623245,6.5339735174048466,6.712748748645052,7.13668398656043,5.90927164029945
235,5.293294945947587,4.278799951044511,5.369834417498565,5.464561369732404,5.16711437224572,4.23906350507696,4.867873944944654,4.992589955079197
236,5.413339396743912,5.917203701271014,3.9980030278563907,5.142803465808965,5.281730584094325,5.761755643700482,6.801485248296444,4.717954316907941
237,5.456559898014568,6.626651275658481,7.867037197294151,8.306834610632267,7.875489731952566,6.923795862493485,8.604137364516204,8.884334408119582
238,5.241416489345125,5.745271702341984,5.389995266480241,5.328510720766953,6.413246102690871,5.979996201790913,6.320375958519334,6.082873255742191
239,8.00516798586584,4.524545361472075,7.433267620849027,7.5655868851419115,4.9709157494341625,6.1461055116809655,6.9138245142838946,6.391536656097989
240,7.6229773214978565,7.427618595681553,6.290447837493757,6.0018539297425715,5.5449377340963055,6.075357447828935,8.292033476558009,8.142788235374782
241,6.41236956404856,7.066258317168966,5.677871778522442,6.967255026572966,7.636340033626909,5.029754596571782,5.2267187327623255,7.512870703218019
242,5.770148778401277,6.453035679663014,5.664248652104761,4.578314120737251,4.4251574156092355,5.268582179511725,5.101864959965698,6.732791614861522
243,4.760073371833299,5.265564007895498,5.332264544091041,5.249599831316325,6.236969870554256,6.748792403678374,6.579949543385231,5.561408623839512
244,6.502084333832926,5.926411414271074,4.838555549166735,6.642044802623426,7.358881275150226,6.067019281966305,5.689246796005652,5.700717345503533
245,6.55719560568576,8.135912814154427,7.255876567145203,8.21961511570112,6.911951545634719,9.427597728565848,7.576648926441748,6.22751706533099
246,5.845550105721161,4.146361782575464,4.3317440440141555,4.336821137993459,4.592243869699826,3.9391889189659133,3.862254082015566,6.028127604204502
247,5.816933788157567,5.9345203579199834,5.955361214687616,6.5193636852456915,6.2787901775866395,5.7841600164320255,5.428680354904591,5.699361669177552
248,6.900894867071145,5.418700547094101,4.690669588978552,4.891025706413404,4.9767096474936805,3.378143979941779,5.543032325032991,4.615620289393874
249,3.762860460591559,5.9984867832893745,7.838894931430239,7.281065777096768,6.224069813354872,7.027292506813792,6.484284071203941,3.9369812169096643
250,7.741584592004335,5.566931368438004,8.206321266271628,6.850353830429078,7.810065633598763,7.35359959807697,6.519160455691241,7.772452102411435
251,6.371702895797185,6.991023314323459,9.852905551807075,7.1357722571404985,7.3188815701870436,4.443363447936573,6.815991407169295,8.667449823206779
252,7.404480070402737,9.072213148746467,7.217747082378721,5.938496214948738,7.667004899370428,5.955949966041946,7.457024171049761,7.848855128247867
253,5.248941766198799,6.668062837723604,6.471893208411374,5.681166908765,4.295425574375309,6.676919768977786,6.583958489186638,4.276801221169882
254,5.621724748886647,4.989510686736552,4.9987706132312,4.575747307129346,5.362620830888317,3.448454405025313,5.522128268114017,5.500144993363128
255,6.849870225082099,6.8118472809125175,5.905387757726665,5.692485994097731,5.609524128415499,5.783190165925942,5.19592972398753,5.155669808698414
256,5.608336459961772,6.12391684131146,5.786982483705523,4.0800715417378335,6.460043513801741,6.704453896354031,6.166084840766124,7.742552065239835
257,6.105974074170208,5.775915049929003,5.666916272449071,5.009799534040864,5.782048805236806,6.150909102376717,6.553754372493354,4.4760175204598625
258,8.64247569207908,6.74532747232357,6.683511890917865,6.3761490126533475,6.120094774386528,6.452575308348709,6.885721943141203,7.455037832854277
259,6.302771733085184,6.837795223860843,7.511387440457916,7.1270193932082435,6.398187899952061,4.530971612199802,6.076941431484597,5.372348023179706
260,4.999817131318706,5.076256553244771,5.1357736604834585,5.0608267596122545,4.770361468800231,5.653296929108599,5.281427886882833,5.935072751693424
261,6.6570282872360655,7.36211001438538,5.438380510783872,6.516553147594463,8.198030241483814,8.206417372876933,6.68585815664988,7.631713974725096
262,7.776583371077968,7.871845306766959,7.337095480288981,8.47739601760468,7.662405754169997,8.650671922941273,6.528625708906057,8.444926213904708
263,8.51326268499193,4.470630712083038,6.578380865325356,8.009694664820968,7.785452869113429,8.719694531398021,9.243540714364677,7.972129515617713
264,8.551789339254997,7.368870600532865,7.035501258727613,6.160933803517493,9.430793485649573,7.358205360744461,8.410481873649355,6.113479829915651
265,8.591779309951137,8.994785091740658,7.171487923153729,6.045836049046304,6.06534670693226,6.470546398898359,6.762033644412236,7.224545409038782
266,6.004120899915422,6.640399252603025,5.358009532827429,7.518671577911031,6.4078288277102295,5.235748535139452,5.608373938207677,5.864530854515998
267,5.8452298002541125,6.361304759990959,6.08227868373828,6.105388353397473,5.373069851494934,6.139365160978322,5.870569605032584,6.612722629304807
268,5.43884271593027,5.918845622713936,5.627633836648278,5.2195062823577425,5.832149897718212,5.713002124080216,4.887520530382005,5.908839308731448
269,5.4010864896863975,5.852190734340845,5.425404835631004,6.999181072932713,6.223775882027183,4.958418220717755,5.030787459489945,6.287972464360785
270,5.151461022242777,7.417081951593141,5.873214281537629,5.861181584386375,5.264309258120292,6.0171459552411255,5.302077058561947,4.067157286789526
271,6.342732627203491,6.428880120962406,4.9603657154277645,6.2808461691723485,5.51465838973312,4.705220491794281,8.33053274033139,5.808479408481342
272,7.534389878218068,6.298606029767126,6.88127013879897,6.623746081714456,5.134807884258493,7.366885860237511,7.022390756274796,4.886916036960052
273,7.16911419818005,5.275305318427597,5.503993732193535,6.966447089202137,6.95090231213346,5.342097785348313,8.13250923034839,6.096082065639438
274,5.5116275686172855,5.647291001397813,5.6494944516718215,5.637655033682164,5.327177964948673,5.468411211843842,5.144772035916146,6.601792342340472
275,5.135690050588192,6.029340589484732,6.013964909455338,6.842839651125569,7.0566694730083945,7.02346812811378,6.054748478004443,7.013927286110452
276,6.7713079467482595,6.675957411215233,7.741736723019629,5.600307896845438,5.6567377865461355,6.79214367646539,5.797927859593379,6.8763500062700835
277,5.714584236432167,5.710422816870993,6.698141895591729,7.880648147752063,7.391140509781826,7.244733960739019,7.348166332036593,6.620304821029848
278,4.435061685768156,5.04511151136063,5.30091710841186,4.706757087645605,5.492719358134414,6.28272034414998,5.071560699989835,5.247150809480455
279,6.669109719370109,6.771894896354817,7.708329657018741,6.432538955444874,7.714623947908491,6.732918416135716,6.702105491829967,4.9881531147588145
280,6.5869057556626265,7.953416369126343,7.460057503068275,6.937849960353724,6.7450032035203025,5.563644444095158,5.5880781869015745,7.735617645402048
281,4.9817183214169605,4.909673456778445,4.309522109696864,6.132173544591292,6.043705789563134,6.8313791049548644,6.65509712500469,7.190100973144846
282,7.3417346161801795,6.473350597901181,6.419199216364129,6.785362013709018,6.432108262527363,5.834310139028649,7.942995666312687,6.472633662515053
283,6.7815742637482455,8.015902737756953,7.33524005283026,7.941907074634201,6.839197796625576,7.2522505508046,5.5719386142758776,7.402827075277686
284,5.482947086472873,5.038312209880699,6.5868680490194516,7.07152862055162,6.927386854602639,6.655375903303553,6.475169829129405,5.505598278365597
285,5.7399674024984,6.015298560038984,6.930506230893107,6.867198704002634,4.760549427755303,6.386901114341255,5.675525001531979,6.244323296093242
286,4.8706459175079715,6.473633140923472,5.531273422137543,5.558954871151701,5.669649132972587,6.501400466640885,4.740999507625941,5.373827418945887
287,5.239563413377325,5.90031369231883,6.2840203697343675,6.003589177133579,5.830097680668237,4.356204976583179,5.185633266949199,4.950896655024376
288,5.729025187367229,7.637844496268947,3.576439013930461,7.145096333366334,6.713939128551717,6.3853178624390825,7.345461250839722,7.5524878237606545
289,7.49386912181984,5.799063271386854,7.521288614751068,6.83194260148659,5.004205958758047,7.087203535570284,6.658496131868129,8.713208235936861
290,5.297072456302321,6.075565755296041,5.157659783220811,5.062544374991802,6.766798062409225,4.887208392866268,6.1720582714015535,5.787300420227012
291,4.755207948701459,4.9942514363424655,5.399288628337633,5.903446579173382,6.437767914105051,5.230109550037616,6.98300241226834,6.932204309759015
292,5.602355488836873,5.717269168668474,5.18027519258635,5.12810803648309,6.59688271611474,4.9788058322684625,5.306933412423888,5.913096207161905
293,6.810874802324357,6.157863293442104,6.516213309733539,6.726140666961506,6.678310252132231,5.536440729422647,6.159584653514633,5.847562703027912
294,6.419915058100999,8.33659287842909,6.947240213527945,4.761100671530712,7.000006494015322,6.4740376952427745,5.633367851213032,6.990318936314519
295,6.3704697413749285,5.768083481059604,6.143317171988257,7.822446535472533,4.895533168869269,6.910146463287691,5.964078401553429,5.954681585151869
296,5.7966290450283005,6.78520706812807,7.180555117461248,6.618030076275975,4.399206820772655,4.324620329868488,6.129164399108254,6.344027570254508
297,6.266270872414494,6.966671583721476,5.89977152627141,4.440442074306828,6.481336997346765,6.64073355663898,6.125534461128339,5.839775727747029
298,6.171416122846986,6.198145402570186,6.271455442175769,10.594399453726053,7.84083910133035,8.634193530251503,8.335486285198236,7.091216935087368
299,4.81118195772661,7.993405161678899,5.3842264891541465,5.864964066785606,7.908569152158977,5.768638510032929,5.574911527398859,6.145461585199154
300,5.116837341174944,5.034753635600948,5.288899861230735,5.056821199439488,3.5980069837720503,5.293545029993926,6.382066038073727,4.70496199384064
301,5.888618059624515,6.796492061277582,7.3450949080578205,7.061600099297908,8.051283545699171,6.736253161588299,5.756140642533643,6.521925992659862
302,6.80252595660259,6.249406954908716,7.920255387186808,7.276101100418864,7.2962347756918655,7.832484603856554,6.740233368949313,6.850955744794009
303,3.5224484395723734,3.9937993937909493,3.870171337521005,4.438685192451709,4.28116005021707,4.100916725937297,4.2790653693704686,4.508497644085729
304,4.3106896939566814,5.751939424086879,6.503475811109674,9.688552175882187,6.449954113547505,6.548501495716096,6.274930556841824,6.112499782405075
305,5.783303199868842,6.287018906909292,4.197344073065654,6.413068323780232,7.186598017931953,8.407784570391906,5.124174236842952,7.9086543983173385
306,6.464198462333958,8.039077311322274,6.463596041340117,8.667098246594568,6.50645013740312,7.1576092098719375,6.959875986151735,7.12302575003786
307,8.037430514082061,4.129771422091246,6.1750512091006895,6.248789822994961,6.183235625959905,4.734374216036177,5.498197836984814,5.624901972586517
308,6.256167966485471,6.477361696022977,6.841972755060719,7.017241343932239,7.2560375107450445,6.924184561803181,7.55921238246907,7.640924111233637
309,6.122615863390605,7.122425558872877,5.839973059831464,6.114801408248776,6.461587874384139,6.59798943810264,6.989380442244467,6.364968977825244
310,8.059291284204338,8.187550136496089,7.54303486488986,5.7061660740012785,6.364949580532837,6.669137323251993,5.425724113348103,5.893018295033351
311,6.643766625604337,7.504880299339458,6.629084390693037,8.227665087048761,7.420897351167057,7.675806316438727,8.053998388860995,6.873172444342569
312,6.9208302827665475,8.160352966088649,7.834599783469697,7.159385294112326,6.961584349781059,7.4682363708883575,8.973675336790974,6.556413791972749
313,5.820175139785728,5.292190536052912,5.382713734851733,5.6942536385120475,5.459375491489243,7.261583042958298,5.586429309019404,4.742137245988785
314,5.469069642450697,5.432659130448342,5.133077053147587,6.739370523120092,6.104692296686752,4.40334082605734,4.48584901194243,6.095245118273215
315,7.129322603814045,5.714662212369573,8.027137331376213,5.955341047670485,7.188714021112989,5.640728243449138,6.16368312933744,5.858961347487144
316,4.578845536931975,4.990043410562916,3.947096448704847,4.343943015345879,3.58949605420613,4.376936623999736,4.04317864735629,4.238603744971734
317,5.2833276830779035,5.0971503239650024,5.716667971067259,5.737382528821656,6.1735184320895105,4.639784127255825,4.288859141371539,5.455282651305587
318,4.984542369543557,5.22176083411548,5.364898667979136,6.529932601926054,6.596673413941271,7.297819842016743,6.622919579405744,7.11162220120707
319,6.846870309198246,5.250546387168837,6.8957758671986555,6.9652772603942275,6.919751253415602,5.849755898902267,6.603890995353982,7.214878505988627
320,6.309584318499447,7.505273307860152,5.930930549158213,6.173544369352805,5.734235994691401,4.52230423894255,5.749251185219589,6.179728379590037
321,7.082868423535598,6.344524884306093,5.5568357625244955,5.687902390670072,5.503654441034524,6.4237988414144835,5.836520808420379,7.1907376470037745
322,6.855083234184444,8.804473712018046,7.930993957624307,6.098729064145252,8.348915173544153,7.568248980366292,7.215514516375354,6.74430594517152
323,7.198648512038022,7.662388938534315,5.634334985402941,5.719100541126905,6.016641124915191,7.030282251599836,6.1986768356973325,6.715422954533578
324,5.815640937980602,6.963925352362961,7.131333922694417,6.238354917106318,7.083575509346864,7.448766062761585,8.14884993008059,7.596235956371493
325,5.494501109430916,5.325744434490846,5.899535250259975,5.36767256688861,5.420409437483183,6.131551970807098,5.917960301658272,5.381916155188185
326,5.4642779216034585,4.960204558113069,3.8304610464221907,3.6707490533227305,4.323547843012403,6.891538471492659,4.453537876233079,4.734205555050302
327,7.400309913433113,5.304230964787602,5.1229770885300745,9.369520325363489,6.619499477306239,6.395085469828238,8.291394727511541,6.650629161860002
328,6.11035189661466,5.8127348803134655,6.181948556977156,5.176361975546142,8.050962321877059,5.3406831906828005,6.279970699710558,5.599569722073559
329,7.494252372929589,9.601379880940566,8.439568152876301,9.559065869969679,8.462294852327835,7.8727165496010025,6.732391478434283,7.9092333328508415
330,5.9447055916273674,5.066939811792092,6.672877859441115,7.788287209558279,5.896471985261227,6.09452719269464,5.645863244060327,7.089797546057362
331,6.45483381565361,6.622328562987394,5.988567065930745,5.589174420870996,7.080999978778556,6.588839428121871,5.923381171262827,3.717045651913651
332,6.125565932190091,5.411578914766539,4.761535403909065,7.1919868112408105,5.048803294645104,4.773392326299548,7.195847944304862,7.633887577209842
333,4.80817774251849,5.293901491135267,5.556226462046106,5.6355987836458805,5.679473398014276,6.732691254045597,4.900412201555931,6.875472296902764
334,6.697434300500128,7.984548123842031,6.588981971825564,6.646744292726759,5.835472556544138,6.951171461153382,5.8360586675732415,5.227360068774418
335,5.893439581750359,5.495281648866741,3.988222156869319,6.26125340324904,4.066663393355145,6.292706472738413,6.602121300647289,5.648972625498228
336,3.7880983304945715,3.613223111213928,3.9376285746703625,4.45693069932366,4.617484578034184,3.5763862155534767,3.6535119224438475,4.016944049492995
337,6.933274027114947,6.248583200653486,6.060289317833751,6.467636028221755,4.521684837699714,6.32675261354501,6.210860438742973,6.055602157694639
338,4.950594450846601,5.97458925006879,6.276711459432751,6.669759019339801,5.990256891010722,7.487996013649826,8.190806727266375,5.2593333554552
339,5.388843305123654,4.069230924133829,4.131391840002681,4.3793520812008655,4.558603268873597,5.131396615814887,3.4029889179022708,4.017879746869692
340,5.247355791491199,5.118897076418203,4.875986707108758,4.231214794583865,5.767119775419521,4.663698469259606,5.02104970262369,3.9267922276142984
341,5.1162062481363275,7.9290678834240005,7.086014736178604,7.178775544832373,6.707729824279651,7.037552969727389,7.290708231917272,8.023198321354194
342,4.691658628592821,6.003188172842315,6.417115421238127,6.685933215984492,6.138662060160685,5.693447747143783,6.014986372067434,5.503524775026097
343,5.3220097960588815,6.475903522815112,5.0508444723598265,5.89590089076053,5.763193139265571,5.182488166026473,6.158354350162738,6.21959115094528
344,5.112626241948968,5.169188518342501,5.580168561082099,4.8723448043695825,5.222260068237031,5.710640092297779,4.943767771100918,5.631445766914942
345,6.559322135235492,6.6951581664560305,7.302677447287088,4.482069335950174,5.518997590467808,6.032768422260735,5.361978630645495,6.662213451210578
346,6.123930796573723,5.53750403445476,6.788005722024819,6.284433814009566,6.709343222773206,5.24941511696811,6.566267098687091,7.398499605074542
347,4.792600861700007,5.132240565109505,5.1394624406097975,4.262495834703569,4.817974365941514,5.463457097432666,5.588281385989405,3.843673180289607
348,5.6299672324584495,3.0040997975109303,4.700224249071148,5.3126835493776925,4.787805836637777,5.617258618625126,3.669596064266485,6.050233675931415
349,6.374276228966758,6.850755629858279,6.445553143221869,7.589516246644908,5.647318821527481,6.553391586266339,8.097552313622048,6.276851633008169
350,5.134134451690041,5.955946671561566,5.941483058285157,5.746017832914163,5.670755051555528,4.928329149257522,5.910942676126532,4.232014243363108
351,6.233329510841456,5.927954943655796,4.292721773332043,6.597231300235082,6.701086621572274,6.955723713358769,7.003392379181746,7.699515204637965
352,6.743853309640035,6.660897731173609,7.315234789689731,6.002661232810833,7.642729670157511,5.961202664432562,7.388469420399169,8.767008367157812
353,6.739094893931917,5.531536137633938,5.120907603612596,5.877158857772863,5.381859678877524,7.23690623369765,5.1182050709323095,5.2489120930101345
354,5.420902205780598,4.272748375672441,5.692038726559359,6.129544577066375,6.02937310053178,7.351519790789215,6.513214014718916,5.268811802583276
355,4.727839062652535,5.146028332629614,5.608408504662334,4.28294255230246,5.507528268264773,4.6422138664643535,4.1429683618446855,4.866542611906973
356,7.601922630711475,7.908320731565774,8.399656678686325,6.4849102497045825,6.613904115481155,6.227789486094641,8.193210398930752,5.436700397654985
357,6.743643157379553,6.349661503471507,8.735313197254237,7.608306343695881,8.154848253548462,6.945333141441524,8.564371000883371,6.101722452136192
358,6.36906490367377,5.527258964958716,6.106957866589242,6.160172473287446,4.166819550892987,5.252284394570525,5.047780413390609,5.23450332207636
359,6.723836187998268,6.465140717720014,5.299622902305257,6.759409922376887,6.647636691173573,6.5609723803326965,6.807664741399739,5.70424271880714
360,5.428396371321739,5.301532736398456,6.256157939385296,8.239324132648427,7.847219965700959,7.215394011469835,6.907927769862017,5.967699460401439
361,7.055510988678042,6.936487402428879,6.112438224936444,5.780791743553638,5.431671028064961,8.300456085876215,8.15047666096253,7.1233249866689
362,5.6352116641373735,6.337883227165732,5.311262884849912,5.947884949414245,7.597532354093246,5.843870746333226,6.013003958831529,6.300360665633316
363,4.409342724198034,7.361404691920652,6.608001165406442,5.428137946310284,5.598605093024602,6.786708756944338,6.909372567987963,5.322497547483092
364,5.402258066445427,6.31291597167111,6.557505479262893,6.096733171560165,7.077364529279602,7.534632843687633,6.790766843629995,6.880815241730991
365,5.175140970861772,4.634621396440327,5.057430462839604,6.426461355293834,5.981935718126137,5.774293886654386,6.908336702026855,6.134214912974408
366,8.913575606776536,8.489995550145618,6.594323960178175,5.315116449756956,6.325393319113195,4.72240723230836,7.928338816007752,5.513111221866593
367,6.536940146998614,6.34574200765338,6.508404999724429,5.777642409631001,7.7576513306217745,7.929982763559307,4.645883545692325,5.1154075148809435
368,6.130254823503821,6.998370432905073,6.006082695129433,7.585272115238674,4.832423055521028,6.165100300821427,5.806489277794615,5.995868015131064
369,5.403517481271691,5.080008330925139,6.22339235113723,4.259073090049933,6.266815412050994,5.669131378751081,4.9385141591027475,5.087863286646723
370,6.820050365351929,6.632701843804209,4.548877615787109,6.351652114685474,6.358472312729116,5.2976949463454766,5.242056032887327,5.30097206740565
371,5.776773205752586,5.6906441426099414,4.233979546774398,5.40610883800652,5.1795098204585,6.379446689405584,5.766356150729044,6.0584085950196185
372,4.522900804906931,4.672982624981141,5.123528624862058,4.274299782030462,3.33892640670441,3.9796176514110093,4.3323936469482405,4.3447633353004305
373,5.049470827397571,3.1735662109777865,5.341739922867606,4.9126440934078435,5.4487339003636,5.09860963920673,5.032800235740209,5.000605241805451
374,7.3113429216551795,5.214028144327535,6.675978934172585,5.31329558891876,5.533050671381546,4.74198502263217,7.003375791556321,7.996900988732339
375,7.001826108794647,6.3136828673887555,6.868907555045603,7.380587408850522,6.33625724857195,5.734067582402889,5.702617577880469,6.016346363660913
376,3.8982868160410673,4.403720216887714,5.419758426769212,4.267092570515024,5.109460541706475,4.5788295277733,4.19294159596089,4.913018941014538
377,5.218941521452602,5.938924943550743,4.434401088690323,6.302642455381327,5.3401307374504965,5.197969115103052,4.556851827193789,4.007817544408139
378,8.032481565861818,6.9996426828657885,5.432235936603275,6.778258763892008,6.783640386980986,8.24982049739743,5.801178288186648,6.808658906619122
379,5.810940052259006,6.185147632027104,6.475677274336107,5.725130969655356,4.403100063814235,4.585220215822305,5.742912777166845,4.633195870727594
380,6.1412302403345755,6.028084434047917,4.503982839279899,5.7882040857258135,7.950404925580534,7.043564756276958,6.472107065010701,6.981566219983059
381,5.1962605381605504,3.8896148235975323,4.092548887880234,5.821435935100436,5.441618052013534,5.214266313232949,4.85179691276706,6.017303148985536
382,7.5905314210334485,5.836587967373339,6.482965233778966,6.847906715979096,6.688047549959703,6.3764439057577516,7.773755426518417,6.429533990803245
383,6.895906011432136,7.9149940534099565,7.670296541069641,6.406279328517607,6.875773503726229,6.974619092071613,4.168693065374714,8.036449353264677
384,6.134605320711003,5.215407551567722,4.542913995767551,5.045560558164375,4.505603933701459,4.657248203636215,5.621584635659873,6.498122659353134
385,7.109314815397115,5.758140243346593,6.958004763302087,5.962939845002039,7.098087170550442,6.533141276470293,6.11960740541659,6.74675855288903
386,6.873619296197946,6.870824468453642,6.221740166629732,6.700167543630521,6.119022590699567,6.737141683874441,6.489628918075954,6.020061092597269
387,7.140312125174607,8.779199681846515,8.559240319184607,7.466222487519152,6.582993919067104,6.168213993323323,6.219560115478954,6.769963845835556
388,6.950950559824828,7.063318889622068,7.124539637973335,5.659842340035358,7.009045292931209,7.645611313780876,7.680583213205277,6.466176846787449
389,6.5249387768332445,6.346013964810764,7.777072431035636,7.517683429987084,4.839738488695394,6.477870998622069,5.941931300854923,6.605835961470945
390,5.817080800578083,5.9064748544398755,5.936853652454808,4.911974797843954,5.493207336457886,4.536323327932613,4.974939780869773,6.607954279071279
391,6.621462582634102,5.720029492052229,5.923615679512515,5.394100584135961,5.612395828791996,5.2043419497765235,7.031528576093944,6.22173770071569
392,5.794067999997179,4.832406328963518,4.253152215363684,5.59766602073574,5.446102809125895,4.510396853007668,4.926047211833375,6.550856213538926
393,4.973210667345125,6.004368814656025,4.627502380230184,4.1524293868666025,4.184827150744179,5.236793937562963,6.115375227733362,4.694941989904635
394,6.089934997415009,7.082198939696649,7.726940624095445,6.991530784795343,6.428328615800402,6.299037707449743,4.022533668630122,6.032671424581797
395,7.853634223362521,6.140326627912534,7.943165532424332,6.017684587271928,6.204071424638048,6.334038538235922,4.6254993599102745,8.477807184082918
396,9.116103439570493,7.71267110382238,6.609713206739477,8.503947411080595,7.329809762694863,5.819591570986825,7.095665419074636,7.464955612437549
397,7.158329136239293,6.027483174679912,5.3300182076389175,6.158507697809437,6.2461430860447,6.220117028811997,5.968651269431542,5.485001731642574
398,6.738537813179105,6.8718294683552665,6.450867054819239,6.927905334036296,5.766177915092451,4.856309286513067,7.403208251015491,4.0505450429185705
399,6.882643412265429,5.326182944529875,6.447327803689775,6.128253334205361,7.795123323416987,5.35750185733499,6.3530061617649745,6.098626296331714
400,5.596110193999965,6.982753320391513,5.397320609706371,4.922373016050939,5.793676325215889,4.215446905447497,4.340302507692599,4.5198877355138585
401,5.064737365423146,4.489604500622104,5.400453626431312,6.056987746996809,4.214409148765988,5.640664421211183,6.059338655602111,4.082648012376297
402,5.607950091787602,6.046690157261115,6.7141962699617235,6.744078943774895,4.750750615547352,5.693057460595119,6.080506919176688,6.153979864098903
403,8.472804096294901,6.846228826301689,7.562733711909186,7.254382809968017,7.782799296551577,10.145920354548593,7.209098302531225,7.5164184398986125
404,4.900293809113717,4.53406809589957,4.363996580531983,4.978125199463123,2.9562869347562555,4.309137937679049,3.4605449329370583,3.8259512222942793
405,5.086631250691452,7.238108572979297,5.818204897400202,7.566950655360287,6.79746965422128,5.7130374065964515,6.3971879811207,6.142347876325343
406,7.824952719601474,7.676062692120317,7.244071895514844,6.8960589050956616,6.774843511904594,7.893506996780898,6.742214040835812,7.348192032605394
407,7.659049720929966,6.6346041571451835,5.4381412520582995,5.963096784056517,7.516208401880867,7.871351961876648,8.130344259126181,7.344686450244625
408,8.249538788130149,6.07438279526631,6.673250848781601,6.47344985364148,7.250162134139189,4.701830985623893,7.439557110868065,7.654761401589521
409,4.7699587406854995,3.434852197383733,4.153365822668146,3.6779312222175644,4.7153332104392005,4.595716269111706,4.49997405355851,4.377291583751366
410,4.929996476540659,7.932031730362501,6.013852925783833,5.576705289834468,6.32571349853369,6.602134342225355,6.765856200578855,7.085003339185229
411,5.22816885421764,6.090331630427711,6.018686924426005,5.5310955425960175,5.268705908128241,5.942545773077918,5.607460734378617,6.873239858867465
412,6.220730397510793,6.360880887853603,5.728848275721479,6.343930932940451,5.172255898221862,5.767743447863924,8.730272149877774,5.497048390153225
413,6.694340188984306,5.571643926887086,6.057602813919315,6.882180994168709,6.651370127556477,6.335540929176858,6.99304237884254,5.888070812442765
414,5.490021941025463,4.529361566907923,5.911561138635335,5.763497066189893,4.955472588250384,4.846444999657209,6.13671392085317,6.390683471387867
415,6.369571113945699,7.998311826694003,6.37452462102915,6.133671638111671,6.971672910444442,7.655073331104908,6.316921186901778,8.147238274346604
416,3.9333589626022785,2.89922469839614,3.322824340042748,3.9555747144469984,3.450274256514403,3.6091205113412985,3.926348261181514,3.808746773986436
417,8.450395690660574,8.09267854020656,7.0184942479958385,8.701282856068156,7.397700130733155,7.368345096970028,8.63185285368983,7.839357883758371
418,5.74064228338929,5.898591525326865,6.482728099808043,6.936300413940293,6.315055497742234,5.694396700323249,4.925162405806964,5.391590624989499
419,6.317405928438881,8.380920357348442,4.109651410975707,6.415700959494079,6.84425386319419,5.648884399612781,6.225678899061535,6.330268872552209
420,5.908898747080416,5.713285955927866,7.897977047839896,6.513951931813485,5.540580609147979,5.57746059808059,6.956516734169862,6.66655167611179
421,7.591104432249249,7.234984965991118,5.730507946882912,6.04472878071558,6.662077295880216,5.368427116797596,6.644343448346094,6.664404799023054
422,7.163798793885556,7.255164817211239,6.615368716873727,6.855764006821545,6.215438804597997,6.746863768677968,6.544150605240648,7.057777272896648
423,6.353139028914164,5.620208045403014,6.630046319412518,6.936054020743689,5.763193094031987,6.2706047485913405,6.982716720859749,5.293066170763722
424,4.6700259888175975,6.691402981370959,4.504927757422813,5.665797572526218,7.2740160471980255,5.508518609209687,5.143384434004571,6.698672553214324
425,8.466882037441833,5.902324973655149,5.057289403876098,7.236053553060519,6.273207525014157,7.2373104418127605,5.859644283042223,7.33544882792463
426,7.301077542360798,5.647369214323387,6.469044960718943,6.632901583006997,6.183825664497419,6.584060314090416,6.732645297418102,5.839595256093054
427,7.160295791901337,7.459689740785966,6.385205266793995,6.0174129859269945,5.87068426646715,6.422286469829997,6.411580652306304,6.587126177203193
428,7.55533604569437,7.852875321048542,6.242245180093873,6.953101383010932,7.54286934315946,7.097786355201222,5.916905004826012,7.557587052348985
429,7.092154065516608,6.395194203856308,6.918602252040371,7.142587416657227,7.239154541652365,6.0969716022704725,6.072698204228285,6.355674870418801
430,4.467314550961087,5.899945864976827,6.286681467380824,4.477656968844298,4.873571521987174,6.539437409396101,5.1438232723688415,6.501380050373858
431,6.2293363778427295,4.99872984505299,6.013504818648049,4.856556060739886,6.154662489624748,5.211988686286442,6.203245178942656,5.583332539102472
432,5.0213951472405505,8.202740557037805,8.837669423567103,5.858107057071426,6.60275537526445,5.428789171867983,5.190576912819813,6.031436350534878
433,7.224204651073374,6.930162348681493,7.077700704392487,7.507582032985543,4.354222482444373,7.174194236383167,8.170813137574905,6.494152374885662
434,7.827864682174916,7.011277547363582,7.69587896104803,6.676252416158219,8.482600948832394,8.408694956697222,6.541045893672232,6.475357199965105
435,6.84050655811004,6.574696551708903,6.162606591589411,5.588895752303735,4.057075154607025,5.230906009931749,5.422647999937018,5.041202925395572
436,6.43867886433541,7.952044658070453,4.3992872673702355,5.730486979957897,5.2219784314601965,4.90097978432973,6.776753677883017,6.0349160112891145
437,5.497914473183611,9.310751515931884,5.350596656927391,5.862430617773775,7.067363027579013,4.667731380020742,8.334517816017172,6.017719667094028
438,6.194843707536808,5.0445566222961995,9.170610258939284,6.6052555887918665,5.70223345966089,6.155044672387208,5.840636481865524,6.366887160225626
439,5.6103166941237586,7.007561358381523,6.673949856092509,6.40977342027798,6.904826001900301,6.516265652774482,9.083694483380546,8.409086392347277
440,9.33082849256909,7.667409782657547,7.439932802025639,8.759887128440456,6.963920480714534,6.09855200977582,6.897564096184092,7.038812207720032
441,6.1020943843229745,6.128387147216805,8.431781419047933,5.348880573142428,6.313719399555656,6.366313234278882,6.600529988274163,6.4569799172899955
442,7.3774846506716285,7.301084374887675,7.4064581818882695,5.574482360596227,7.153749031169582,6.819405016725405,6.519664929904313,6.942885700826949
443,6.630758477872127,6.656642542211246,5.416640947506492,4.648629242046547,6.550902292695736,5.561021830077717,6.641801105191551,5.051747662311581
444,7.555672293190997,5.00275477645583,7.564030715775747,6.312926650555477,6.7072910952268225,5.989449245274891,5.791012062624612,4.6496172293163625
445,6.222728355596607,5.330439623153728,6.163423210667151,5.486132687048242,5.623339161272785,6.61874152543176,4.928077676293004,6.102185048020283
446,5.604309587463101,5.7298211885385495,4.940691359331685,4.703265085785236,5.699293758509262,4.72264549102364,5.891305885594633,6.78839410029611
447,4.95964481239145,5.502357689194475,5.863783318185789,5.1124659349038994,6.653585913355931,5.705851974972767,5.409372280795563,4.504494182355947
448,6.356445057774375,5.7489862547691395,7.360805872548109,6.536986046268615,7.318118737760772,7.337012614535942,6.306559473879391,6.458728816392728
449,6.512450796956665,6.204893684826247,6.461125094829811,6.922800782142451,7.731808054842513,6.634680188079323,6.137819820092249,7.465389484648603
450,7.83861868299553,7.789786436277467,7.005614564028327,6.9751141724558865,5.7086544953164315,6.850806495966361,6.90714430759085,7.631462179424711
451,7.170828881810101,5.808866776198442,5.827571049300606,6.339835060799839,6.745709550002088,5.482800026452824,7.163758703230585,5.912242547906062
452,8.493148876562383,6.750991517802243,7.120700724869691,8.197819504564773,7.800114994770219,7.418888073516873,7.326250982734666,8.738325530743063
453,5.586344691248438,4.414037684532805,4.954682720746287,5.388203167173997,5.534861668960213,5.064637951302815,4.915141509884263,4.837843688271279
454,7.790026962318005,5.715112437031469,9.272117558381522,8.822186873083778,8.532852249092942,7.163467987640412,7.623835614991189,9.999443550349458
455,8.289308202692098,8.776247336957113,6.19071530999423,4.454678820406856,5.933202069509779,6.41687761854831,5.5361982369091045,5.188735815180647
456,7.236203526632655,5.948579080383685,4.039748669378652,6.710412555320547,5.698311525683607,6.116435726329653,6.338216579717277,6.528216182528187
457,3.193727258536171,5.071790681159846,4.653566258790664,4.759354921329676,5.076054015158457,5.30086212949249,5.798360090730834,4.6439958814079585
458,6.000402891576095,5.681586887461193,6.200448601286165,4.618825216763543,5.178033524485253,6.951424248115022,8.149259023085001,6.377578554465773
459,6.415493118354504,5.527665540328067,7.519497465034486,7.599893950751926,8.197022272051523,6.077411524238195,6.42780590427695,5.689709995531293
460,5.95676619328159,7.365361636550027,5.913317326533493,4.5727294301570005,7.245459627711996,5.681201202879773,6.1442457539945945,6.808993063647515
461,6.0934159391384926,6.441610350078213,7.226480941471965,7.833224273704747,6.314426810770861,6.8800864711428975,6.966565763176899,7.020067508632667
462,3.0823640119235614,4.693888404286459,4.576119409714188,5.0927036559488625,6.018981942183322,5.660168554775633,6.287257597004518,6.075935815453794
463,7.043518100557387,6.612323746735274,7.408531852788295,7.006492235120617,6.682160152917295,5.808167453239752,8.031109472816272,6.099156318755831
464,5.668722247369661,5.6874048848312055,5.406502646748282,7.135084978907114,7.666380438446664,5.925436675812286,5.797385454684234,8.481723125510195
465,8.480269123323856,7.2595032949022436,6.1490506161906655,8.43143086691762,6.476774424591261,6.715121933721606,9.378850507278607,5.700457736141628
466,6.8898911783649694,6.389044688261672,6.005581796521831,5.692579867847054,5.8869535727037325,5.755538787183394,6.325671723381902,5.541351909922063
467,6.035369405339494,7.438581752223884,5.468639249505519,4.760478708089603,6.850959873392778,6.543397007051687,6.169444496312014,5.7923616134523375
468,6.623563640335733,5.773502573480911,5.897438911555202,5.468051641286394,6.423195263790401,7.524248425546681,6.445028407708164,7.299675021566028
469,6.24818340482672,6.687611078582639,4.904389580122563,5.486555354867283,4.85508926409445,5.554450393516064,4.842195824420099,6.5518554427138564
470,4.2382347904284625,4.781202649920477,4.369866870794666,4.545259221488738,4.604672049846435,5.091883214165108,4.545579452118221,4.83916986842017
471,6.585696034685254,6.226976931322445,5.89570542298313,5.727717306282039,6.159556859485444,6.495671131455634,5.783451877466996,5.105805822047987
472,6.1876560670680005,6.3151741943810125,6.589705836790724,4.831813850737538,4.436413191541403,6.326675098969737,6.586660202577901,6.105080020641593
473,5.627851173902164,6.434267161688439,6.667428000923411,6.241388407897193,6.706392683993489,6.343519973846188,7.555745088351515,6.295581173042074
474,5.828024769739903,5.983505990781128,6.352653558721022,7.773029115053959,7.921165833267759,7.957440834042857,6.75753047703813,7.023406928835661
475,4.841196330380364,5.861475554581741,6.3946758684096805,5.951818513477082,6.5212218545033,4.884461305241944,6.1341719662336835,4.522960368257106
476,5.304236368310784,4.769257740976764,4.694882065663436,4.338949417742093,4.055503744682499,5.246205718778527,4.171139732584878,4.526746603936025
477,7.5603210729412424,6.716247891419165,9.579038054478515,7.425189038126329,7.783748040128061,7.559909069651025,9.402605457626866,5.318670561787985
478,6.986995255988186,6.2837894644149195,5.051217729953633,5.911751427524425,6.6359541297178755,4.9467396077265935,6.144180643027804,4.8358049814904245
479,6.3370983810218355,5.546670714070312,5.2805182347501525,5.360242722329085,4.809669509609035,6.456656700975922,5.416504379588013,5.390408753019769
480,6.497155746713952,7.243398949810367,6.901833417238906,7.050186717919037,7.720138809864261,7.736479642436017,7.193656718266771,8.099547309620815
481,7.283574401322561,8.076765334718047,9.203100658349916,7.930008481206001,7.753589615077804,6.7814897301535435,7.174338682695494,7.353195046335489
482,6.302162686219809,6.069220442621719,5.97291490018683,5.275443023337817,4.986966781281248,5.162046805683681,5.0240058781497865,4.826465928971964
483,5.679451894394485,5.474501159974227,6.410191841966477,7.498532146853742,5.5557875366315965,4.937231146897124,6.211616110434127,6.585401307947185
484,5.6760687728513926,6.861561707433606,7.275453042437129,7.991390082324859,4.900551832957813,6.835178873159415,6.721038492526097,5.524029647942117
485,6.490778341479931,5.784000979944582,5.856195532373376,6.202509282009188,5.214680734632292,5.837925158090201,6.275474893801367,6.1536937715010955
486,4.660065048010617,7.198582936688007,6.804423430477594,8.42482746019589,4.63037959539567,6.213279394184409,5.3251865920740595,8.047218895297881
487,4.482063242011701,4.561401177674704,4.562186643705149,5.553051595193991,6.254102582200982,4.406100241026697,5.356178898735477,5.142693971561824
488,4.074594218731999,5.5080922782324855,6.315244017089274,5.517821389996864,3.8070690527119555,5.662028431034231,5.896866180547708,5.97814436542276
489,6.113832544220627,8.096223750082503,5.039404498796537,5.624345154880926,6.011090697768375,6.721037576043956,7.7309033135306695,7.644734266490081
490,4.981080911041614,5.829308513078026,5.566240106837631,4.661081143308382,5.5857239524454725,5.965947152688431,5.330928973485413,5.444524499197685
491,7.080392867465066,4.389601598307578,5.610959923901952,4.3405877819560885,5.328553626915794,6.485184139587465,7.023579656244611,7.149841492335871
492,5.208029818821839,3.345454302029323,5.955531454083006,5.559372661205702,5.455357258776508,5.051470487118334,7.776680389156371,5.74605505818461
493,7.471245125743381,7.203184043985407,6.335932540380393,5.347170163553717,5.475235011407847,6.134360151255834,5.505260915978827,5.005681582754288
494,5.795838341690683,6.155687201601932,4.822091834046967,5.14769048881023,5.483499819870678,6.058205284881555,8.734679057671029,5.476473174909532
495,6.090855914023569,7.525055816424012,6.207248487679779,5.549824994161072,8.677534447770421,7.213292907960417,6.829167534547226,7.599486801707807
496,6.770868892425704,7.441821348400355,5.311388577180945,6.128948544460123,6.861062325450479,7.100316125980357,5.678222298956889,5.269890354820644
497,5.747970761643611,5.472829993684031,5.562249573519762,5.905273854267284,5.126281025048897,7.813585662477863,5.667373679418419,4.968444125303167
498,5.766621304265847,6.695921951565915,5.5769192873369935,6.592019152992678,6.130198379151515,4.559313742465178,5.834142624915159,5.2962426869215165
499,6.349409816564328,6.260872674566715,5.8859752516423045,6.573524564047919,6.236096344969297,5.8386890856232325,5.388551353126119,6.123361578989564
