,0,1,2,3,4,5,6,7
0,7.413986792244484,14.325334171355248,1.841846294384428,5.94019366085363,5.922925470186063,0.9291157433441007,7.250310971423723,4.895395550393974
1,9.902469233125283,15.759136601435564,2.302761106894944,3.3253423887736746,6.556858738861492,5.498045641188966,9.110270970964608,4.864562800891583
2,11.959837139348878,10.14272156426043,11.986699472052454,6.819921678352854,1.235751323644083,7.547311713261019,5.609706022305568,1.3700775737313107
3,3.414511226972235,13.006361175100656,6.709598675007337,9.012684658917937,6.742886642608928,6.476408897574007,5.9627047610203165,9.313208029501801
4,12.977728913706649,1.9334636567792056,11.282599692718492,10.664874405864222,8.240060273174052,3.2815383554452184,4.922102408358985,0.9551169979077904
5,1.0826479957810544,11.489710898098373,5.303507109959456,8.209400090451405,2.7081691519111604,0.426931353485134,3.35914871523191,7.198846193010064
6,12.289787679898804,2.6683804965898377,4.113205881567663,1e-05,8.745478047773423,5.766871867401089,5.238156696369058,6.041560461830523
7,10.585225623391619,10.409637668063867,1e-05,4.645597570100083,2.2538483065763057,10.643764044963973,1e-05,5.772440266166582
8,8.839041977572892,1.112351457276704,9.63037746922273,1e-05,13.754522774981899,6.230434057756399,1.7158850864551778,1.5014178625584242
9,9.921523898215668,6.8512367680449895,1e-05,1e-05,10.624709084011542,6.969067061352404,1.8834544586170643,2.6885289639770518
10,1e-05,11.483130025539515,2.838112308566477,4.68253629795438,14.181423911023431,1e-05,1.4572201811168795,5.74471295000867
11,2.4455075642448394,2.279549034302224,14.036999341416104,2.816845133524018,4.224668436737309,12.001467337140749,4.837971012208334,7.9147371575544385
12,10.58438117917069,2.464029885163858,1.9370849162879327,7.21593902016665,3.6161122860238337,2.530282113496542,14.690513616102564,6.178059404257398
13,5.712858299854423,1e-05,10.020489708955903,10.51883235590519,6.543348533604883,10.378300898125998,1.3517120971917307,5.880363660158813
14,0.4822289235575303,1e-05,2.4299192150401345,16.2431174524302,7.679961209056824,8.603947038369594,4.917315250576992,3.9761357961359263
15,0.5999356592131124,6.132815447961055,13.711537368935922,4.212268183154868,9.176403102805944,7.560755242373806,7.0737407888465675,10.355331689939742
16,2.755130871271978,3.283695931597672,5.5401419389822735,2.694828834098792,7.676739167070602,12.877694450261052,3.2238930741478495,5.6700831608822
17,7.003664090204843,9.713929141862902,7.2808408271232095,0.0022285018140575977,10.040357879707624,7.337729380054665,7.203136723306415,3.583690960277842
18,1.551082308938102,5.574393481537095,8.200729877097245,10.209178928452161,8.58185363734252,5.413592402097391,4.047948754688843,8.844398156045962
19,10.925382650447972,2.7961097892123044,5.126119329101654,4.568566428224167,9.790269872054708,2.871009118130845,5.584713476853444,8.37806214922343
20,11.104577270615092,0.06349160435880002,7.069734477807437,7.396404304670418,13.92485781483392,7.422918123656792,2.142832309399814,2.691533918222661
21,6.989505336401788,2.086432267924537,0.8619148677860706,4.730915780821956,4.973908754359105,10.106403030497393,10.934209029336706,4.675994294860616
22,9.038043276416895,4.741699050670095,4.809185279704676,1.8599121720035388,5.448552735176213,2.062099364482173,9.604234040277959,11.368189575334545
23,3.8130732096027558,13.194555613816462,10.197649346915153,1.3572860632179458,16.087001891206636,4.608611407706876,3.304232317960437,8.827694069910015
24,10.462168695645055,1e-05,12.132638955678404,1e-05,7.531617057175041,10.04715449062089,1.474060795925542,7.1325650774815506
25,1.115506066833049,1e-05,8.974028891649862,9.069157107342068,1.0479388471012647,13.56050878692651,9.063073157422124,3.4993932336797786
26,7.789177704306411,6.188873264549878,1.8367549925589755,9.008552510226266,4.269513057088968,4.2563298003285155,8.15293042039214,5.303859188607916
27,8.143443731931807,6.195635691150734,4.060074936119371,1.290895883249841,5.643343491772145,9.77831220582571,2.348185947360777,4.303353610098296
28,5.840143200302356,8.404721384674646,5.737049508182757,3.5229095449429506,7.382820910778158,5.82178649238222,6.72852091735706,1.7541098136373152
29,10.814153603600692,7.158785284936272,6.042458618497267,1e-05,4.668924152354461,0.0024897977538047185,10.030413442009664,11.636275347814344
30,1.264555098789381,0.37113613945334684,9.24379741251866,2.302583722433308,8.441320611550097,4.623649882738781,16.948208231532607,1.7810840535708368
31,2.0285640461977636,4.505991511480845,4.641211058007917,9.783526843860104,1e-05,5.887778719911235,8.322041799513826,1e-05
32,1e-05,8.067392895443064,1.5616505388202095,9.40666515971511,4.849932359514952,16.08038424937076,3.68364658977935,11.659279197228061
33,5.8324034721651,10.877389612995003,5.66703066960111,2.814773296736155,11.918611118451862,1.5270622604462454,9.020694923762928,4.454279071078581
34,3.606154191750804,8.840759121115807,2.6634014961935897,1.2235152582386803,1.1386964552685526,4.694258232495291,9.314239751806669,5.03318687081717
35,1e-05,10.725437091707846,1.9695553866171573,11.963954487566138,6.513069518274123,5.868932271482254,1e-05,1.3153769553468766
36,11.078669800527823,1e-05,0.5021598675290536,4.2340344186645575,4.678787513535211,6.23902867066823,7.862055517989907,4.192775324349207
37,3.446129936803673,8.519586404148695,4.215297371603462,10.097290767660569,10.199612497566855,4.570677867760384,2.5924550615456314,1e-05
38,1e-05,8.958022975360095,1e-05,1.791992786920963,2.6209864672525445,11.744495131934974,1e-05,10.073941158953268
39,7.14533889398856,3.091657311544001,10.711318720369079,7.200549487291247,5.9222588855428135,10.511628640761822,9.663305082300786,1e-05
40,11.993196096787944,11.475108047846321,7.618151061243206,11.442267753468133,1.8206623420109909,1e-05,7.9462782469754165,4.146807116537538
41,1e-05,11.218891929269194,6.78275837499802,1.7730148155915033,5.243529801214432,1.945990770148027,12.4390159373456,6.194330015288223
42,1e-05,6.198813198888362,1e-05,2.8127311070819676,6.156309134484886,7.844373394042742,4.171697164714657,15.133538299420367
43,13.052986666833913,1.2134373949302533,9.183975256279826,10.620428636563037,2.626287358011644,13.07591442674528,8.123039591642154,2.50516859485043
44,6.694546401233462,7.876058008842795,2.008195566208543,12.953911753880124,7.717679814599467,1.8676301179614223,3.079430843423127,5.286678594032616
45,10.114528324211047,4.650790200897378,3.9258299872678273,8.318801900861446,7.933790154801605,9.311582630300615,1e-05,4.856996909242166
46,4.9828911414335675,2.8961323004124067,1e-05,10.106981908507784,9.809320085831496,3.7557931117179852,2.7485486038448292,13.366221541814754
47,12.368603573413086,2.6856389946558425,1e-05,2.011676948775468,6.83961575070558,1e-05,5.956538910070075,12.871669866628988
48,0.053357180483916244,5.867232057332137,8.283597916202485,1e-05,5.949619677411243,7.519559395034779,11.398549754059571,4.076427009455101
49,11.152215246055452,0.16469737033337026,6.580447341805483,5.720547775406866,1e-05,1.1210440998240572,6.800356854017651,7.446404387513836
50,8.744211592631766,12.76686822204548,1e-05,12.174958895230372,4.597852202321959,4.6602306768924375,6.011887910941333,4.761569182723552
51,1e-05,6.614571527921497,4.272713696795042,14.01407475790286,7.148386502389479,8.008075548147914,9.61889647596284,1e-05
52,3.6633562374996917,10.575503336822669,6.628201776416444,5.14673524068104,0.7404950783643756,15.215163928844962,2.6118339140487947,7.961356510236716
53,1.2560496786272057,11.340727711907098,3.4639507830794796,5.78132817643958,5.404539218514585,1e-05,11.69871146499284,4.962519265927592
54,5.187830256841453,8.709493161535017,4.643821860843295,10.09584166225869,3.44596989019162,6.4644085561202385,3.6269041528764134,2.2299937527326428
55,7.532322897233834,1e-05,1e-05,12.548554689362279,6.368239380066843,9.012830622257356,7.554676941407013,9.81731107184516
56,1e-05,6.60683784275272,1e-05,8.715667379186549,5.968956184693091,8.346315098949963,12.035900192462279,3.5646262158670043
57,10.968656457291203,14.133461555010456,2.635202434307662,9.380656246385012,3.9908843626765917,6.629078741829685,5.523295802538489,2.9832160340570857
58,8.4209454703665,12.35966694903621,0.0029447890264531987,8.339991035306598,5.794432121169725,5.714300981531352,1.4662012273521512,11.690077794787722
59,1e-05,14.515937818194741,1e-05,8.82939592477142,4.289785171675908,3.3799536232751914,7.485790864768097,3.3108433081631445
60,0.05545096280344567,7.401299433625977,3.608876018776764,10.43977757548196,1.0960412232663628,2.9951808703515583,14.760420890203836,7.433795205375539
61,0.7778080224278686,12.33473296439665,1.7477206588044503,9.961239265540877,11.346776638379199,3.7160072956830836,7.1869649522201975,7.071206149232381
62,2.689033350991516,6.035682308062955,10.937766573795642,0.22815437538364905,11.561911457005165,5.041143568831982,1.0553613884953756,10.67184001393442
63,1.301993880465539,10.934570726135131,7.015605199931297,2.3797949934918705,11.176442434347514,4.5241129611023245,5.639156193308518,6.957346056873458
64,2.9282601143638156,10.420680923103035,0.4559121155130713,10.012113717881702,3.8963462338410726,6.335551609733921,8.724879057490579,9.825638353617736
65,8.263230319237527,9.13151679117908,5.903755633200661,5.032139458096313,0.49898699498377624,1e-05,11.495816154350615,5.039911056674268
66,13.862889886706915,9.500395003339879,1.3364519009378162,12.777256682435231,1e-05,3.3485852347877247,1e-05,11.024207385746298
67,11.692434241908243,6.500401421213612,10.662209023720303,3.8246728265155268,7.760447878343819,3.1378284455757965,6.229790455155226,7.404993842128919
68,8.06820718526109,9.047851367405192,1.0298392365995672,10.874229453522096,3.9235361572377165,3.7538339323214562,5.744310067015246,3.225094323910928
69,12.36884900060285,8.160856739278666,7.894564365295419,2.5528831095660127,1e-05,6.872069706838223,5.649248405763459,7.849013925250742
70,1e-05,14.459176846765915,1e-05,4.767733629428494,12.489805150849776,4.941436824895035,0.9349490456598749,9.591365197997828
71,14.273428683616991,5.904559769535352,11.944966993579161,2.080728975456337,1.9837548128275457,7.912449249541702,1e-05,10.469013298696586
72,11.117614871398146,6.524034966846047,6.641733222216524,7.462493094452438,6.440785143511755,7.99579016329595,2.441617113259844,7.732608045836367
73,9.353881614702386,4.110904518616588,3.0558844370595653,10.280830278590091,6.736999795919313,11.05954970700858,6.592023888721096,4.597217276728064
74,8.68879619455462,8.716768232392722,1.4504692422744265,5.926984198078251,3.01112983268379,1e-05,1.2251715544937125,14.107085727589897
75,1e-05,3.3960205081761896,5.89098380539691,6.494906001061917,5.808181950910297,5.082937233399361,2.2455349133067037,13.998349131570082
76,6.147416279805956,4.706733451943725,3.98589597230124,1.0695729814187644,1.2518775879954083,5.5680604228019766,8.380238151151264,7.739581705179126
77,10.844472681786199,1.7669026321862304,5.657343889155292,10.195862591974553,12.010581310642772,0.6401280829008036,13.08542365754773,5.104413260374509
78,6.207835796979074,0.8222384713855456,11.350430335391204,7.094631578335066,4.6737983963564265,10.426412286583933,3.387058464823916,3.5987212796554013
79,3.4015549114842267,15.46589488437147,2.9307825523214106,4.589146722994079,0.3891139635012171,2.66010202649765,7.988323174586302,10.10297835480499
80,5.88162469681222,6.949785366209946,9.419933863250332,2.815375132209378,1e-05,7.003790841273727,4.187882907617041,3.4003558519495654
81,7.199175920808925,10.488285356496519,9.42508978534534,4.245259147743814,0.6875736606564077,13.038837779803806,3.8263691830072313,2.86574801803294
82,5.160586762839868,13.590989304004767,3.173562396198899,7.351483772001729,4.321253099995733,8.693866939561977,5.727505537726462,1e-05
83,13.279689661475423,3.52715488838734,9.249449398049785,3.468576505947574,1.1478385976502024,8.227739902190548,1e-05,7.402616972884241
84,13.552116721779461,5.3254930012771755,1e-05,13.695627973037578,1e-05,4.618541145551522,4.771262814643458,3.385439699694653
85,3.4894049852915203,9.644519403829051,6.89306574250786,11.001031301132791,8.214935116945803,2.6970149638235945,10.346089623907934,0.9833219928790156
86,7.360829778044275,9.937000823007718,2.003984159571254,7.134927484699594,7.301934099651022,2.4244968351874396,6.4646418248071065,1e-05
87,3.7383529797451325,3.359167345894271,7.319433979142066,1.8075278982437595,7.491864123257088,4.129331746955979,4.886250835454212,10.006533681089431
88,11.863211978986875,7.450699777884166,10.828952686327025,5.913549204865906,0.1737937776164073,0.32352509873791174,11.167829943216862,6.290578681595848
89,8.152974805949247,1.1049391511225024,5.9177839525277784,3.4420319351008364,11.115246191169584,1e-05,4.3314524784881545,9.861743404825182
90,9.731792165328436,6.242522413850883,12.606884213307309,1e-05,8.043375992486686,1e-05,7.848827958835293,9.847776894478452
91,8.98291201996136,7.037430509758411,6.944120175440945,0.20463053966489728,0.8660107215951555,7.668348580430788,8.350761387658194,7.236203880732127
92,10.039626681083437,1.8611412860887804,7.716109037306237,0.6174933221644056,1.6122651453245198,9.654056667221992,12.69070508417216,1e-05
93,0.5696737004835881,9.133696959007377,1e-05,1e-05,2.597111653173376,7.9358050920321626,12.74512815685074,9.036561450044259
94,10.910344609369876,6.078887387842941,9.9016893250867,7.295894746583801,6.656688343659172,7.000750516930425,1e-05,0.24314672144745242
95,3.0756717802377627,9.38629748498769,6.961862567581429,7.657022618476722,11.704092001594487,1e-05,1.3566966791466613,5.895167469967019
96,3.601571659092756,7.462675812324212,2.698805240715595,6.241660395222263,0.29789424185436847,8.4156159339897,12.944840981729016,10.438782813063415
97,5.988792500696541,7.322572618323703,1.604295076871894,4.746653232254758,12.104449107279608,3.4542940579321932,8.66409479143423,7.821743311589652
98,1e-05,2.826213347551187,10.474203889482745,14.803509208508405,1e-05,7.287402506070979,6.386416278237785,1.7592633434321818
99,8.674477657248561,1.863928632238408,5.473705812084405,2.5637307175005635,1e-05,4.24416627703939,19.40657746548421,7.135571368941582
