,0,1,2,3,4,5,6,7
0,5.280379322808431,10.0338158774859,1e-05,4.895723294916504,7.492506864484012,9.638804409905982,5.685990456194536,8.590225658280493
1,4.828224513387548,13.280656518515759,5.559133319255411,1e-05,6.99652157332552,1e-05,9.662305205128767,9.691877832663979
2,0.7592233925788333,5.767520823674046,1.837936712065437,0.7344390298973945,11.810654321967617,12.45913897803863,1e-05,3.253531252462263
3,5.929875935381375,9.23096477515054,0.5952072062723087,1e-05,7.897170647984672,5.5053137787243,10.04044719767178,6.75243989642577
4,1e-05,2.1023528273609506,17.254440695578786,3.3867937433739246,13.28079886710797,6.38331736949837,3.542232737344843,1e-05
5,1e-05,20.80698319822898,2.516666542769176,4.021569791320637,7.233951954961265,6.285757827470718,1e-05,3.0168302561990554
6,0.0412163324325194,6.860064704001585,0.23996960260053812,1e-05,8.49383320970515,16.366875554166413,1e-05,10.033657883159776
7,21.56590838337869,1.0726661663666195,0.6607694795463319,4.439472868713445,8.565981090336837,5.5312496088847345,7.52699459621489,0.26538272084889514
8,1.456547730992574,4.966131163020116,3.933687122481479,7.713708059875551,11.650223418652105,3.8386810478471602,3.429577497665594,1e-05
9,5.269021048410666,10.399791816216844,1.6160700427467292,9.79972910485534,6.1808411711792735,6.989870336056911,5.230914093450928,7.2694469529038725
10,1e-05,1.8699357299089299,18.98390075649966,2.3898908685017664,1.7530794415765079,1e-05,6.452963001077163,4.84607735737095
11,4.244783802381864,18.160734226708136,11.340665055001711,9.511341035837205,4.419190020856508,0.019954254859255838,1e-05,8.784827690978506
12,9.634825905277276,2.480033604864818,7.647889602934139,1.4713946054411722,4.657283545939453,2.027127349563447,1e-05,8.900591996672508
13,10.33968021791681,3.0633636659334598,4.766974935356915,1e-05,5.159899302462544,1e-05,4.39970819856461,10.521742675812265
14,11.09179883285458,1e-05,3.0214265499320283,16.797867662066952,1e-05,0.9579531888549799,9.171836265059836,2.7616399054720167
15,1e-05,12.070719146643258,17.064987419683295,1.6558741370603376,16.87298312633973,2.3262490346553646,1e-05,1e-05
16,9.084518882230375,2.3672270726867297,7.115518130947519,4.685711673197345,1e-05,1.638798948849409,11.444390736118523,7.3915113343879915
17,1e-05,8.913384641005257,12.005944383189293,2.9840726087591554,4.047309002024729,8.141709171129136,3.2641864262740428,11.524162425370022
18,1e-05,10.489647031678581,1e-05,8.159923001510517,11.497084115807047,1e-05,3.6126948705026694,3.5365699365310355
19,6.260025094679011,1e-05,1.6381219136916312,3.2382827232473956,1e-05,18.287271395087018,7.705738738753141,4.319691367408206
20,4.003679176705727,1e-05,8.62159816897515,6.204518891406918,4.616133260754498,10.486146185856645,3.3027572735591306,16.933784232936663
21,0.5418365082781801,17.484847641451378,2.1634164927909225,7.915921992884489,5.357986086500106,0.663616094128857,10.640513236090737,6.624068492607973
22,1e-05,8.43908716970221,20.613105999135296,1e-05,5.401332254436519,0.2504326712068161,11.271789976670204,1.2273734880934482
23,3.4151990417773224,11.693757823669557,0.12552342023236418,4.718810212532901,9.381048368451234,4.277847130119342,12.663500540071572,3.6072946153057823
24,1e-05,0.5969839897052134,18.92533923146003,3.929800576767178,12.123786360359952,5.511048729147458,6.826097588006633,1e-05
25,9.046649118318685,12.79441539549566,2.1309143625960867,1.7392250993081846,1e-05,12.752310420445799,4.208889314465509,8.773700416567825
26,1.5203968436769844,9.148284777922532,4.540100677085566,5.851308340861073,6.003634998008064,5.916085348365454,11.990749443830184,1e-05
27,12.28116584588918,11.314680295678578,2.0370470229806257,0.03581518408190751,3.3204427592790124,5.4790451939403635,3.3608059339251324,11.816223635172781
28,9.799005024161612,9.756864276454534,2.7028104735298175,0.6993445674824657,1e-05,10.40443910767834,13.565297187766376,3.52238753743962
29,3.1541041676961346,12.70423817188071,8.668257860825817,1e-05,7.49882293881158,9.393720925848553,1e-05,11.053987908499339
30,5.301945019892387,10.366078523375693,1e-05,0.2742717117351892,1e-05,5.759643431588533,10.365306162264359,9.071271647071779
31,5.605096267870297,3.524027858828639,7.957644992472469,4.0776060880915646,4.775012399639297,7.786966597914739,17.643490661411622,0.8102335713736105
32,6.403049324834849,7.072511088574758,1e-05,8.90221968390574,3.801358352567514,7.809254110368697,5.291207081581889,7.947202872384613
33,5.538051633062771,10.446111447071463,2.2775334641274574,3.1212496978702235,4.789592961200492,18.124676249844768,3.4952446841346747,1e-05
34,11.645980231316084,1e-05,8.979273652319579,4.115173714501936,6.98490916043678,14.474108942241426,5.989603363766392,1.7581853974782942
35,1e-05,4.753954323113345,1.1225516970530487,11.708795544428156,7.477441762682146,7.545284801181642,1e-05,10.697244946182648
36,0.7233702223077799,3.1889029989423356,3.437409421471606,6.012522233842511,1e-05,9.48123529259452,12.918420082341415,5.612279074590495
37,12.3462497517411,1e-05,6.760260863823281,0.6523047217561047,1e-05,10.031696491070782,7.405033446399141,10.10710163695977
38,1e-05,9.729918285576582,2.347566653599291,7.81030555087741,7.068843630881238,1.773806550007202,12.182725672275426,1.941502282992487
39,1e-05,1e-05,13.725402720635733,8.206344453929372,5.174106460543133,1e-05,13.30357181640872,1e-05
40,0.12994455475367903,4.389007293599523,11.675902069268847,13.000039130990137,3.253103428524525,16.094414851969482,1e-05,6.416483593595998
41,6.786291837610955,1.8133959490257436,3.9126687716568522,6.242550702053696,6.781567441067412,1e-05,8.467710910112771,3.275972604091292
42,1e-05,12.05314949915953,1e-05,17.622533822268935,5.6678243123076575,6.044594427281155,1e-05,14.167394233849379
43,2.5715300903951954,5.103911029628918,15.855649892750437,5.498293692490068,6.9517691097967,1e-05,7.709619665228666,2.910819955023662
44,6.719793825287233,1e-05,5.590602271213907,20.2634026929269,11.123987523588692,4.212055284043988,1e-05,1e-05
45,4.077901005011867,2.4870209937963113,8.535857557199979,0.3001605844710933,1e-05,11.832550204547568,12.699282140922236,7.240759672907943
46,12.743695871855637,8.551419148508309,10.060740015592472,1e-05,1e-05,3.807380408396736,9.767098407395348,16.198971091280477
47,3.000097563590465,2.2492716012616865,1e-05,15.390055979386522,8.731753572034002,6.10825876611605,12.845583471607156,9.671959645143115
48,7.7528349903009355,1.4492936879290175,12.15599215085144,0.417930589183592,1e-05,2.7735182681651374,13.033903852242812,3.018272681668032
49,1.7550454806574531,5.5818427503103125,14.784339076295394,1e-05,2.5324113485318605,10.397689928782759,6.72841021728115,1e-05
50,3.0707751792626743,12.65563467023029,7.0487759848497396,9.120337553251375,5.927873409546525,5.0429883790507875,1e-05,7.458094787469846
51,1e-05,6.287623611909558,3.9888185120706114,9.435561929982017,8.913541994405877,1e-05,12.980147312736657,1e-05
52,1.0876478915701986,1e-05,3.329962592573712,13.469575475107584,1e-05,17.10544170951321,16.11435785482009,1e-05
53,1e-05,1e-05,0.20065874353356988,14.539100853397933,3.4447453293980317,9.820683975923064,9.08985118806501,10.102023644952935
54,1e-05,16.47106328781858,8.098631239932608,1e-05,5.399292831693931,1e-05,9.698860220706308,4.231071778714
55,1.820363658245881,12.486966964520757,19.15652956461213,0.2993399038709437,1e-05,6.297435348659568,3.623347401740868,0.05150904970837808
56,1e-05,9.175649376132911,2.622113148150651,5.6438820691342615,8.626466251459322,9.675365970335173,1e-05,7.112832180398564
57,12.051371439568042,2.826357551044578,7.7610651931642805,1e-05,13.90609500960207,1e-05,6.89808996177467,0.780912763475692
58,3.5907702680227405,15.348208531160122,2.310848290616588,14.022422447859684,13.388946412045847,6.426612104961085,9.2683335007439,1e-05
59,15.770268293187367,1.8316912721110303,9.022885698452594,8.059939307518375,6.692852978847316,3.3770091816559336,1e-05,2.085813509496653
60,6.689037192135863,12.83643321394663,0.13858776465724926,3.327178837807406,1e-05,7.842129860538494,7.734393968055996,8.307737447124838
61,1e-05,1.3312770541297452,11.386251062525334,10.171437024228648,18.98582945948193,0.9563902446271136,1e-05,6.704118405863745
62,0.34962413268711245,7.091275886984255,4.3407296110849485,1.501576167542259,8.755578785438443,2.2882318441927554,5.994442140489778,14.870552736080612
63,1e-05,4.842288219588662,1e-05,16.241658399734686,0.2286854852882387,2.553157174561237,21.80835694042549,0.15583641117741087
64,5.157588686069462,5.663570917381985,7.436185556667995,6.030357056536989,6.210328970978232,5.940005310522808,8.78772300452115,1.2467998283264166
65,5.7470841024698105,7.775554153931215,11.447592256709767,17.630613143185933,1e-05,1.8841492179722494,6.525075686865261,0.461021700171688
66,1e-05,17.072462269038848,9.680265533496122,1e-05,3.4553637002426276,1e-05,2.767052742004954,11.496967561285
67,3.9776673758768966,11.566344138001185,2.8841906054194557,4.923232560322162,5.958821783564571,7.242465943109835,8.720337955553108,1e-05
68,1e-05,10.429359179858057,15.008383382266205,5.549434102852176,2.1426866044016433,13.37813535185773,1e-05,1e-05
69,7.9748822599870515,3.530889853692775,1e-05,5.1806871874527785,20.630434520920414,7.577661687320155,3.8552041171148295,16.057335379376685
70,4.27071587363435,5.062169879098301,5.867369915918432,12.178136546956699,3.461143165482292,13.12399921951636,13.80503367965582,1e-05
71,1e-05,1e-05,7.6942577913056525,1e-05,13.712132230804713,7.63152056584674,19.007127634359488,8.022188406463401
72,6.411040749783572,1e-05,0.9294602794964703,0.059846485556493835,10.68667999507122,6.879439060782755,13.20406826983343,1.2020177695847303
73,3.320292881201263,10.151265250041746,15.877405091955232,10.310619253058162,2.5585142212500878,5.429675104722824,6.932275401020367,1e-05
74,9.120477346367059,1.5542913368092062,0.14881769782287646,13.541413773141443,13.542136330520348,1e-05,7.474585383059229,2.063727821825348
75,4.150785895902881,6.986968672018862,4.788474474466303,8.923173389739622,11.04523277304618,1e-05,9.077220877400954,5.472351794656652
76,9.610014960539702,7.82478055275179,7.929184657112789,4.269204568809754,1e-05,1e-05,13.09059190112544,13.639536442614483
77,1e-05,1.2109016362466185,20.39248898051965,4.489088579308841,3.6647611706783887,16.145604652431714,1e-05,1.4568864395608152
78,2.8569672529235106,1.134296885989528,6.9737167640719955,9.4315050615745,5.6104000078973355,8.376644370444422,6.397909193383967,2.878374228140223
79,3.3024772277742875,9.83737141952791,4.04644066321075,9.729457086570774,1.8431585795918977,6.4330664817834045,11.271213802419014,1e-05
80,0.15950358161132447,3.519289293020243,5.400693278197845,13.624888181317102,1e-05,9.781310791073071,1.9862034057806148,4.961134505076613
81,9.689789009197227,7.112362447676597,1.4578519865115587,5.273107079528995,1e-05,9.4775246489835,4.430634831679756,11.394402006859806
82,0.20322703450882398,16.598711733217925,8.099867334571215,3.9376289454873667,8.64302945467684,4.44113667860411,1e-05,1.893853137256218
83,1e-05,1e-05,5.875104845505,4.2221610013234985,10.471956958525361,9.846538985250044,5.226409233890733,4.093524040190201
84,2.0725466910923114,2.255996598979678,3.1717128809806807,1.1083204911119264,16.17471183047095,9.965266188539232,7.181416774858679,1e-05
85,9.773111346518267,7.610057068775795,6.148063069323753,8.094328223633267,3.4446986785969567,1e-05,1e-05,1e-05
86,6.93216476386094,7.019784536186497,1.5888621687262823,6.5610811281108665,20.44572563397475,3.262418442418571,7.302767827929644,2.3667267619550545
87,7.936571959281127,6.1393064533630834,3.769195727835811,13.086620508850269,1e-05,2.68696668722612,16.359355811303168,1.9386240191670776
88,8.458402219004132,15.111094687163675,8.496728718725867,0.7319068039849493,5.9319187141923475,0.9590737912546182,1e-05,11.343925893401263
89,2.366614718042364,1e-05,2.9816073973373407,5.361594916199328,9.496152616682435,12.901722770183229,13.89167888530813,2.1666874079595004
90,4.937149577465832,3.2747426081518305,8.099142328865076,4.813158270623408,1e-05,11.656039572015537,7.1401670941696365,7.15174532112872
91,12.324757601757158,16.259827206337782,4.401228477594438,1.0541683285393386,1e-05,4.014691024293611,1e-05,7.359094810615158
92,0.7192138091741891,2.176131856256064,5.729572630442656,2.3270767240590624,10.696682341674073,6.405680224420222,18.606833211064092,1e-05
93,1.3480782432480432,13.773114055084609,0.06241603653906612,2.0813951451020025,1e-05,10.715088903123956,9.85589241997109,3.28962900193068
94,6.578938062002365,4.567725369320654,1e-05,6.397960853856125,1e-05,9.739839355764031,13.47910459185521,9.879627887657882
95,9.178485865273075,8.617468844014944,11.580979504877542,5.470019321958524,1.010733816188208,5.038662080803646,5.309122780038581,1.1061769082425965
96,4.559895879410952,10.265475159526126,7.048808093452855,4.250700433666624,1e-05,7.7300496056732975,14.151498882305885,4.668545390816656
97,1e-05,5.4782133054958795,3.591858985962466,7.035391471258846,1.9364638067710445,12.968065212710322,7.616587775096799,3.0870394263581704
98,0.22834635751253976,5.380805455896472,5.78407064073761,7.553629090992263,2.8406167547764523,13.330193117468456,5.830242971101693,4.5424117904353185
99,9.21072157111698,6.533681358795406,1e-05,8.009530481293242,1e-05,1.2194719989302178,5.014006214665786,12.72915542440578
100,8.461306072457386,10.182264535015047,1.9580481878161473,13.757895329018801,1e-05,2.858041577472436,10.537701087988927,6.25138101087525
101,14.222492992062456,0.9563491269295427,3.934980120084623,1e-05,1e-05,9.441855962513495,9.005620201231308,8.464619725918682
102,9.2603808904084,15.325332744803408,7.536685409375095,2.4924756344388013,3.488016432282842,5.687855309570815,7.266276404511244,4.085794919870198
103,2.35704777338597,0.880957127150389,22.405909850622788,1.2214841733626358,8.629598921129158,1e-05,7.563493845719985,0.11397749737027985
104,1e-05,5.630648550584273,1e-05,5.628405203757736,1e-05,13.698910069269497,10.02957247438473,6.172075421110181
105,2.756270660466287,3.9583616607641163,6.533379297587116,6.7669557644298735,11.47131497954843,1.950406121017101,9.029766411649671,8.666916975214999
106,1e-05,1e-05,11.517764237095195,1.7628458273435021,1e-05,3.149228928502531,5.055925094390005,9.347775325232773
107,1e-05,5.743607807982183,3.0444887844136868,7.2120276226308375,7.133914050159808,1e-05,10.230318803547949,7.611438067001536
108,8.375635887420302,1e-05,0.2921982179064296,12.491500915560879,14.296265885705663,4.9747010949998645,1e-05,3.1393010747011347
109,9.536333086295004,18.03501735825895,2.530904184768991,8.033592122357103,5.422180596813419,8.320502889891486,1e-05,1e-05
110,9.12739472674861,8.52289183680222,2.0557855951958657,5.598228072093125,6.546536611730015,7.62179547732758,7.995647828611442,6.779539851861491
111,8.333645737413793,16.705751252738654,1e-05,7.855243531487768,0.9125544331316041,9.932897529341608,4.870267723341229,0.5651885039044344
112,1e-05,1e-05,7.177784412481243,14.973410865347542,4.505752868895646,8.036431145526224,6.212567351541063,10.151489515007805
113,3.7213957881375155,0.3069102349907937,3.2724120914704913,0.9118855840180841,9.354515832231787,7.421859198582997,12.338735722279996,9.971934962419637
114,5.754609332249502,15.420815885217639,10.839670678093906,10.951192251377552,1e-05,13.649751729252271,1.51228748851901,1e-05
115,5.469178651557345,1.2845680039343308,11.040067834744292,12.05732748204569,4.507548220000608,0.9236379143746547,12.17779293327459,7.816121844110018
116,5.073481606174307,7.105240156276993,8.999552184303722,1.2696486096195796,1e-05,1e-05,16.113971600853613,3.476660621610146
117,9.573838360351452,0.5949261841579877,6.797295015091319,16.176626859395373,8.89385936834379,1.9956716394946425,1.2531341459846252,4.0143755852092955
118,1e-05,6.957091128971593,12.661582513208343,14.931222522450158,1e-05,3.136425743808891,1e-05,6.404843670241276
119,18.136865512354643,8.15718740335278,10.539711608535857,6.108683940969765,8.866826827104436,1e-05,1e-05,5.063956301035935
120,11.204053683655003,2.2300667108144676,11.355939827606756,13.17780517881336,0.7603808342179846,8.527121425038892,1e-05,1e-05
121,1e-05,5.065553240970116,2.544069244291259,13.568648556777074,0.21365099898455214,7.718139578106477,1e-05,20.729075232462986
122,16.498736264679295,7.235665685001452,1e-05,1.568909122177243,3.1348869171498017,4.13714312182024,9.233401293811877,1e-05
123,13.893462325534108,14.709617340477115,4.7423540800244615,2.6585194600974855,5.808946618901119,8.712611271013785,1e-05,1e-05
124,11.315814484085616,5.421229876658444,9.73845882087474,2.4066649725720954,2.457973357269309,9.57772293080318,16.518708677715278,1e-05
125,13.088989050824052,1.066291220868872,6.450664116495572,6.545461191920129,2.0090858690690085,8.87037102786179,5.4056676016002365,1e-05
126,13.796731614881217,6.402086082919913,7.929254498889623,5.883997514394423,9.600639567951108,2.763541321192152,1e-05,1e-05
127,11.294929326222098,8.116083252179644,2.735397139985884,17.972176559798264,4.152988967881668,5.720873952305208,4.554334063316062,1e-05
128,6.575877277203688,1.4490454651287972,0.21583075690841763,9.633139506479726,16.818453157097213,8.092859022118313,2.326767223794866,2.9773877276072214
129,13.13473665455251,9.393909244048213,3.2354701851222596,2.313837059500744,8.646481509721989,13.188037736930559,1e-05,2.5490338552245766
130,1e-05,9.514435937897307,1e-05,8.771687219925742,1e-05,5.3885547506069695,9.710092182430127,9.600469571369311
131,10.134337696351476,7.933852771833843,9.476993116729002,1e-05,0.35257669940712694,6.858899397192943,12.68483819733817,1e-05
132,3.182647517739905,11.8471979531687,16.204879948636016,10.700328813104768,1e-05,0.07486846798982116,1e-05,7.508044339032048
133,0.5398381915775791,1e-05,9.152955462152253,11.707622076553568,1e-05,5.909781809504246,18.48902999370261,5.73318080946774
134,1e-05,6.733504093145027,3.058196100955657,22.501692039439387,13.923886846820807,1e-05,1.610196606610967,4.333504169086339
135,12.544308883527737,6.871687116339986,1e-05,10.837355899044823,9.841285352369688,2.195423902092539,1e-05,5.037261122468855
136,1.8390609206948592,13.93411237456075,3.1250386929553606,6.775257247027368,4.277134960338381,1e-05,0.278628582721487,0.7847018891474986
137,6.060408253558992,13.554817689445578,2.4576177778249053,1e-05,10.760315866622037,5.311852041876158,5.517951624099611,1.8657608606009881
138,4.054390157882437,17.273559661371046,7.510924479404697,3.1334920559849704,6.307974387376528,1e-05,1e-05,4.3311740712505085
139,5.2492478677021115,12.581117914139373,1e-05,7.27406925414613,3.8371455921306796,1.2438743154466256,5.870305011184978,14.88178562735148
140,1e-05,11.35446617946422,7.174356735086624,5.05881911909875,1e-05,8.442674831350217,10.375982296565617,6.645465811346683
141,11.394246470461509,1e-05,12.595140917625102,8.546542632481344,13.933612678664764,1e-05,0.7781157136901731,1e-05
142,12.595035451799188,1.4963294081063443,6.534051177466504,10.582328055790482,1e-05,5.393065673392394,17.058505811214534,1e-05
143,6.566302181416843,1.4776933017787615,10.21807299135215,1e-05,5.198112577468858,10.43258711539509,3.287135373383256,8.22845556023633
144,6.34919386929569,11.059520124226205,1.6980135979057094,2.2230209781381727,1e-05,10.210917430108644,0.2752054641041632,13.254130764049542
145,5.167163679794159,11.607334154865214,4.547386185322555,4.810757897721553,1e-05,7.276041831827719,16.199196280141795,1e-05
146,2.3702830228533416,3.322283219372228,7.803893304978169,0.9640640033972457,3.664403107401938,12.664583666423479,2.776683343309863,3.862634971468613
147,14.838942416669079,10.035296717222103,1.3037081758467608,10.004778529107117,0.1839732746484796,8.691250916234898,11.224103774418511,1e-05
148,9.47759665399415,1e-05,9.024830542628894,6.130141938720509,3.022051587197507,9.080381865436292,11.839921741171327,3.1069668147532656
149,4.917901567125024,1.4660187452420699,0.4744608576349824,17.59215316426019,8.026779286737355,12.785025619822802,1e-05,0.49170191090217397
150,1e-05,3.963454657914639,1e-05,3.4499696325828397,1e-05,2.1306445371139087,1e-05,22.16217180116959
151,1e-05,1e-05,12.462840467173917,18.002112569482364,1e-05,4.92556237163477,5.410957352247759,1e-05
152,3.2155728702954196,1.3282499239243704,14.870557575207147,1e-05,4.83166294956706,1e-05,5.642329939584719,10.425853072348918
153,8.796609249373274,7.346866504869018,2.662062095327111,6.1148488867388515,1.479134575185567,9.034864665008184,9.167351365146315,12.94330928799624
154,8.110847656150042,0.41020444786443855,9.70915309525898,4.626895491023956,1e-05,6.464605906540574,10.706445814590168,6.3104168638802935
155,3.993225786055957,1.29214189962191,9.990708011793057,11.704042912530493,1e-05,8.613966145118836,6.723486627929293,0.21469063437258384
156,0.31654181778721424,2.235271275794982,11.65995499851663,6.403611182951168,3.0724901729072176,5.9773092916568515,0.30455675220909334,10.851264378328871
157,12.137573237214243,5.114248978656177,5.165657939820869,7.147643435495578,4.301819136303764,1e-05,3.8907330634877275,21.149253802517457
158,16.404268812477905,5.424718206511131,1.4711567420537492,5.227344513462551,3.0566038852774944,2.4437232326029243,0.7345996223985785,8.864161103738926
159,6.9404956641552875,1.38901406992414,6.005352008666949,1e-05,1e-05,12.731115436087398,18.422043496674117,1e-05
160,1.365819180424421,1e-05,2.8429379097216656,1e-05,0.3009531184593193,19.578089423541506,11.875143926679971,4.206622922741377
161,1e-05,6.78307906636787,8.181707358634698,12.338394618453792,10.2001506548995,4.065979084647805,4.924425374227364,1e-05
162,6.193215602246054,4.846070659818823,11.973448312608621,6.425226905351056,8.671926372653072,1.7490568361930785,5.670098823808421,2.4141412038436534
163,1e-05,1e-05,7.19889587448969,7.5345279746300635,5.8281701508674955,1e-05,18.733524977748615,7.350481236100128
164,7.299983625760221,8.032932791751769,2.7208137892257085,8.457902486219664,3.055143447795501,7.411499871271362,6.641495982917335,0.19203982410285586
165,1e-05,1e-05,4.823632179365302,22.505093564343507,1e-05,0.2285028205983461,0.15467834989589396,11.584724494504693
166,0.019511152490361422,9.977253681455327,1.7026955809866686,10.203696650567549,1e-05,1e-05,5.69500106574582,11.386390387086179
167,3.9897390577976592,1e-05,9.147492991837645,7.525952524963103,10.467883808249569,13.253028605037558,2.8142634764263685,3.367634415645494
168,1e-05,8.786532560515738,2.766024931763637,5.7750629950433146,11.636357492581546,7.858949197622886,1e-05,6.205455010804448
169,9.622382203816105,10.628655933080392,1e-05,11.111593354481492,3.826142717983914,4.770131521881364,1e-05,7.223104741164114
170,3.486513891735712,9.055973775084137,4.565546120869129,9.704715471135131,0.9118184943836677,10.31272838376416,5.557774494926865,5.256003143436795
171,1.7755128035601493,1e-05,10.660609828436403,4.123434782630689,9.67543635577866,8.28917986320672,4.916679727902263,6.64535877187809
172,1.536788238534691,1e-05,9.963939663014331,8.81458071499998,1e-05,12.132836061073874,10.239975436996628,1e-05
173,1e-05,4.554990126255802,1e-05,9.037792734621434,2.9959983088728643,1e-05,7.418120192294367,16.328971531336602
174,2.6611672699951483,3.256147468572354,6.955263202179555,14.480400861400916,1e-05,1.9651752261978077,8.711781611065248,2.720883457434267
175,7.3404451964458985,4.2545377405049765,3.782413132099324,1e-05,8.759600118675829,8.240516577359086,10.989651047604987,2.2527245241871614
176,11.016259961058967,9.534069121689754,1.3565291939682746,6.663956025650767,1e-05,1e-05,1.1790692844734236,10.546561574997611
177,12.956647487955014,5.111850635475117,5.152806606535734,6.570283035874556,1e-05,2.531940055892905,7.170896612613596,1e-05
178,7.31872540296036,5.256957738675232,8.805568837537258,9.246747880546287,13.581817551883894,3.3804482464346792,1e-05,1e-05
179,4.3291415236010735,2.036928474174574,7.143034223071717,2.9835845257254014,3.0175220208016174,10.188877264614643,3.6161725031557452,9.235897206636583
180,1e-05,1e-05,3.5408381596368885,1e-05,14.635442148728972,8.487296511197453,14.032097426941416,1e-05
181,3.0461348762753953,1e-05,5.219629857152418,1e-05,10.350408966322298,1e-05,11.839450093471736,3.9669696228620803
182,8.41287594770202,14.263386653990135,1.0115463558554074,11.409855115496276,6.869230957326208,0.46245832019105926,12.554409841368425,0.29037035662106614
183,12.338861866807374,2.5530432529479126,12.19672782769717,3.7461550353919963,6.227619348854686,8.568699509559734,9.046707187365755,1e-05
184,3.1372028319535086,6.511469037897515,12.674446323816323,1e-05,2.2007122705298334,9.016953379204077,3.20851659574605,12.77986691701367
185,1.2426184330975771,0.7887095438037786,4.334503640369445,6.291752045931022,10.470886351462099,15.171012639529975,9.535828875756707,1.4719982360298565
186,1e-05,4.076876079767015,13.576111652417614,5.550033607409231,2.992645140491768,13.557318586478171,6.926473005155868,1.3961210265818997
187,4.77488788354018,1.336050655196987,10.005504493583718,4.403896877856946,1.150706566259221,7.655744939022898,3.065057015380333,7.4736724041800535
188,6.558801786847137,3.38606002593809,14.67121250991684,4.374694345769292,1.3098469924910117,1e-05,1e-05,8.544822306913167
189,1e-05,4.562898588718406,1e-05,1e-05,11.617672453012498,6.045471321699076,4.208211292728548,12.349949387715276
190,4.833998016724308,1e-05,8.187003814324171,1e-05,10.827835324987033,7.233872581329086,16.830897453633884,5.590395563488628
191,4.012371949156789,14.515473405623498,3.4836411782970984,7.784356483022991,5.109604424781725,10.856650897134983,1e-05,11.075301630744386
192,8.850964583783393,1e-05,5.183672400172925,11.634494442474146,1.1549097952382363,1.6123333137982643,10.98820413657056,6.019813204512051
193,6.46316619777972,10.125985474358401,12.183286784736225,1e-05,0.0057057477453406925,2.0284212502090906,9.049426447487427,5.787893874580146
194,6.4345827348782265,13.66772723105902,9.410835352498209,1e-05,10.856861071165941,2.4612363697653614,1.2710327862220743,8.757014303649175
195,13.044313002223774,3.3538142185956143,7.540758122274667,3.9106577372823272,7.78616727674224,7.835971954008256,1e-05,1e-05
196,3.129912184708659,13.924848831252968,4.386701779931113,2.385236392302056,3.8077473766909695,7.726032018071999,5.1570229522347955,1e-05
197,1.448030248422508,6.061423969690588,1.644074911508386,6.542513912915119,3.9360310087622743,12.248065711249517,10.809806378342763,13.481324464706095
198,9.947365137781485,10.262493675583539,1e-05,10.05560613055171,10.372870862935105,7.887521962816464,1e-05,1.989196336934296
199,12.326935218945865,11.473187245340178,6.278034155775611,9.959311098807879,1e-05,1.3611540758867984,7.906167548111774,1.6858019023735535
200,10.36807746286403,4.758491004778691,1.5761019335742144,6.543747365899899,4.70415186647106,1.3752229612581583,15.952265251043798,0.38991428961791763
201,7.986012250986743,12.374250301527173,5.760468490997616,1e-05,4.405701852593553,9.393549883709914,13.889714167950133,1e-05
202,12.942765177855149,7.136452208677647,2.266856628948753,6.34831636386848,9.183240598065005,2.7103564175291677,10.606060461938412,1e-05
203,9.324351507484588,2.66838776372177,3.160596312482881,8.030218103620637,1e-05,9.892576737434183,10.06871202614271,11.482122835111525
204,5.969782901692364,1e-05,5.80546242720905,9.743775608863649,8.974988781907324,6.460099737650528,9.547097331587347,1e-05
205,12.554097112455159,9.819990279702825,9.151949251168066,1e-05,1e-05,1.0927150103749679,6.066599487681701,3.87654570378593
206,7.001364115580172,14.62762516758611,7.018313694394827,0.759732437926033,1.660736974609393,11.370393592935354,6.377373302542394,4.287613563807058
207,1e-05,3.989172476375157,6.49177133475385,3.460018965333018,9.875665122178034,9.02166032101564,5.970503226793497,1.2145164873502234
208,1.433700352695745,10.410381659165159,1.441276502473234,9.573389448238315,6.287741080491979,1e-05,6.562017957138394,12.214544775528486
209,2.1227587712882623,2.2991590275201355,14.722981496705845,0.6027017559628427,14.72881081334393,6.669867417367828,1e-05,4.085452519738395
210,12.589968727433185,1e-05,8.656829297432616,1e-05,1e-05,2.6329100235166503,6.495908825834926,0.9320823839670211
211,13.26267474661177,1.347135861254627,9.0727745791793,7.017969994858527,9.086794548123391,9.279036204660262,1e-05,1.6446087309071094
212,13.13019680764473,6.888357961941615,5.065243521313401,6.851274276733803,0.6869109332080479,1e-05,3.3188161095133046,11.835278702599611
213,5.407076012217559,5.784551385837713,9.056962431855151,11.039797096597301,6.186253362954707,2.5324649199494726,2.577535428983287,1.9516201032998655
214,21.20752156275451,7.665969490543108,1e-05,1.0716186792013738,6.456060887859642,1e-05,13.053561673550274,1e-05
215,11.822943201593962,1e-05,2.0872416574199053,12.655920992086951,4.086043851386673,1e-05,15.546420168423447,1e-05
216,1e-05,20.253532052209916,4.4492685454419405,1e-05,1e-05,15.032739299550025,13.522686677644769,3.304898965743935
217,14.202088101273871,12.689866821616226,1.626577390039437,0.46528246093357717,10.418684215750494,7.168555494708406,1e-05,3.817911899977567
218,1e-05,11.78672845239243,6.152004415568712,1e-05,7.806586112034953,4.709735127363241,5.370111518050104,8.194342966890089
219,1e-05,7.390221052123231,2.773152390872091,11.299047911382802,9.02845046924402,2.8570012165047256,1e-05,5.579456009660122
220,14.332791426200231,1e-05,6.59199645326101,2.92109729489736,7.110552441515979,12.843273991872206,1e-05,1.3203188845978593
221,3.7048719065625444,6.667019454186125,8.428177047291278,5.047959684251165,11.48838962539079,1e-05,1e-05,15.271079958586279
222,12.81087355142781,3.750434404919199,1.651436151797225,7.279865061844523,8.242853186017125,1.6253219562356067,8.08941334946259,1.2474968964819508
223,3.1296871137276248,1e-05,7.76522602875633,13.532734615779587,1e-05,7.469930799329367,8.946004517134325,5.298735557273893
224,10.022446314749027,6.45983958183573,5.425727811163113,1e-05,9.146157921704807,4.797831438526968,9.268875428564302,4.007726323138679
225,2.408701879028282,11.848580166740392,1e-05,9.650693085915025,5.360503863130647,3.480806111036356,11.766599064746101,1e-05
226,9.971775276188012,1e-05,6.983516753924639,1e-05,1e-05,3.950281791436804,13.371116016096023,11.795638983436598
227,10.07670393962194,6.994318293701562,3.769594367387106,7.901673501748236,3.468308140375236,1e-05,2.6017119576754393,10.815021449801334
228,10.831417745392534,1e-05,3.298705797189223,6.535279912373427,1.6354078196368624,12.189183771390914,1e-05,7.62306605501632
229,9.111649430040071,4.886110599997561,0.8308031453412913,6.439437798805859,1e-05,10.004641610730971,11.748793051771154,4.448312348437029
230,8.169546301282471,4.322895103784303,1e-05,9.131084719485438,10.254310522577272,12.521802301296077,1e-05,6.271372300851457
231,5.339879569408947,1e-05,8.22381697953862,9.96705264948679,1e-05,1e-05,10.487599000087618,8.074171030910822
232,1e-05,1.879188070557849,20.03079525190362,3.785431606087932,1e-05,8.45136565416966,10.912722162820215,1e-05
233,1.2601749305186167,1e-05,2.4544047879700255,1e-05,15.127586744663192,9.294637381700545,13.993922980712172,3.99808867447937
234,1e-05,1e-05,5.459024871361289,5.388802994336297,11.492928512854018,18.75682857748968,4.817691057434102,1e-05
235,7.703055593046494,1e-05,12.273139338923878,6.727492392420863,9.338233274629086,1.565331682445005,1e-05,1e-05
236,8.63468324762682,7.513893304440087,1e-05,0.0636802534278909,3.9877702719718853,3.9165407081398853,13.256632566033165,2.781214944644129
237,1e-05,1e-05,13.667892848372858,13.177765304429153,6.227076182013512,1e-05,13.088421534443059,11.400590159380949
238,1e-05,1e-05,6.130923811299103,0.041598948875279304,10.493579407623423,4.039334998579161,13.309469918361563,9.552923594297729
239,11.143152645331623,1e-05,5.306606191073235,10.383084432218956,2.02763926135072,7.02659457629827,13.882846169420064,1e-05
240,7.106305128604447,9.99599296561636,1e-05,1e-05,1e-05,1e-05,18.433005577043154,15.496922919880204
241,1e-05,4.70816465792589,4.650575097696886,1.7282193360691467,20.170508161174354,1e-05,1e-05,14.707648897501487
242,1.2787478773279566,11.4235701611297,1e-05,1e-05,1e-05,4.903920637011471,3.4138852450033617,18.381592964214278
243,1.5107798459044939,1e-05,1e-05,3.3841472560647343,11.200983607157783,5.97179115289736,15.324580039241765,5.507383414951023
244,7.23659626572897,0.32929872631520113,1e-05,2.5279506447415763,10.709231819635619,8.644253535188236,7.140498813080215,10.287783810152742
245,1e-05,14.5970263752089,2.155055452903224,0.48167917240785735,8.677543546182111,21.438566970808214,6.716076023780492,1e-05
246,8.123597246601383,1e-05,2.844026011582495,1e-05,13.225016813996048,1e-05,1e-05,11.038127986135526
247,4.047696780083748,1.9153941367561973,1e-05,10.028000592367249,9.804375217311183,11.414945839450077,2.114441215710029,5.563622093596754
248,14.014925348931216,12.734264869838468,1e-05,1e-05,7.154500492943526,1e-05,4.524368490898348,1e-05
249,1e-05,1e-05,21.968462886678562,9.5841410716811,7.156980951597534,1e-05,5.713463549213753,1e-05
250,4.887129277060222,1e-05,6.333921673914992,1e-05,5.192511115827405,17.046098185977723,7.224737528775745,14.089023830074035
251,2.160285145490014,9.555489651778077,16.177857146496997,8.823233951919878,11.198073232057665,1e-05,4.540145322340647,2.436317242046375
252,3.6669392636443363,17.867362726763723,1.6321367537414198,1e-05,6.19901662410954,1e-05,6.648508093453011,17.89328188538044
253,1e-05,14.823537335607632,10.510378482577261,1e-05,1e-05,5.350790480996311,13.42747646880124,1e-05
254,7.693509153053767,4.545206385160101,10.867762566099517,3.3729222223528583,9.252975373024332,1e-05,0.20904501145905488,2.501383066681912
255,1.975724778959066,6.6032692647372135,15.39282805466499,6.960764199548528,8.189844383157087,5.985263582865744,1e-05,1e-05
256,1e-05,1e-05,6.456664668062776,1e-05,10.657934108077143,5.648775886624007,5.214232597380112,17.895315129342876
257,0.2908323048913956,12.071678059499893,2.158243648682885,2.3877954991609,9.907227243469082,6.627459701225988,9.235356532181795,1e-05
258,13.881751911263164,9.543762923937132,1e-05,4.635852523287873,11.420646222365033,3.0394091600407855,1e-05,10.639919077322128
259,8.138794145534922,2.485301149558835,16.162557700936254,7.875158142670912,8.923550662469315,1e-05,1e-05,3.873948325200437
260,0.6574024091449147,0.2116323954104371,2.963854442554366,5.703168438207607,1.0829753194306642,11.220891287725877,10.056133589107928,7.870660560935128
261,2.269677035862,10.493060749639643,1e-05,13.265725029135309,9.217299117014097,1.4333694604774627,8.008697579396193,9.724885075504222
262,13.513413462159823,2.483757619777169,1e-05,7.297105411245231,15.201949737057802,11.31045966489214,1e-05,10.20344516750943
263,8.911532967688142,1e-05,0.1163783399042808,10.724590037384635,10.827770443373508,10.832961941699333,12.985725206462375,4.865744498517733
264,15.10800851036308,5.59447472355279,10.150567574591289,2.239545466742006,7.997749270776346,11.756493061291062,2.905801377853817,1.7913412939209779
265,19.238532088462346,15.137667415476274,4.3728794802280655,0.3617882470131289,1e-05,1e-05,3.462226888987731,9.358903765587687
266,1e-05,0.8084166175463733,3.847205944124003,8.909122336183167,16.967658403432335,6.975480980627558,1e-05,8.313367003575806
267,12.607607141882363,13.494580003990876,1.70268460074914,1.9034449322699858,1e-05,4.8552214111297785,2.498770297811099,7.925665640640831
268,6.04598706212559,8.750797196575165,5.9056477440030415,3.0858309714673866,7.030054855848869,1e-05,1.4493160426445943,10.725786877395235
269,6.941113368272754,10.419970061030208,5.60929219905337,7.566232403814194,6.3412811031860885,1e-05,1e-05,8.462860024196225
270,2.1722196230701267,1e-05,18.59439213126329,1e-05,1e-05,14.208988519147857,4.904887329149883,1e-05
271,9.879917211724573,5.448171394831818,5.422773003516877,0.8799171447997018,9.917493399695124,0.6829325307815893,7.882778383678525,6.4274660897427225
272,12.22487413868518,1.030247484864601,11.621177444922006,5.051712164655371,1e-05,7.504274128333871,11.384356572138396,1e-05
273,3.9168956602434686,1e-05,0.9032736776490204,15.97587647491891,9.587421970601003,1e-05,15.161159240961481,0.8809644030552067
274,5.2301633200964925,7.452941829744727,9.084195812318786,3.9442284638046954,4.832850379259333,5.340774636999258,1.2043549391342336,6.80868601882474
275,4.056591790277159,2.1540173057676104,5.855724065364821,7.317446407607751,8.60482452070367,11.346647164135975,8.449858781911283,1.2025768729401578
276,1.1771440698449989,5.635661939115311,17.13326392730143,1e-05,2.0843047462079296,13.287938692290725,3.8955997864803775,4.601245737032743
277,4.024104966252639,1e-05,4.86052870345188,10.073610414777617,11.430177489633783,7.345982355307274,5.85452672120701,9.972831946205103
278,1.8053222314430224,3.6294646700784554,6.089135568715017,6.30827581503181,5.319423351093069,5.655043871770439,8.600236788220782,3.4300478072216034
279,1e-05,11.962255022218429,1e-05,19.377973844839115,7.463254299578016,7.924876214616432,3.8513674013434263,1e-05
280,6.525710120635464,14.027475172558859,15.644481824870004,11.562437968955274,1e-05,1e-05,2.550681569481801,1.2529403734599502
281,1e-05,1e-05,1e-05,6.599318393982522,3.688511345717307,6.145552361336783,7.770498742975044,19.79970629347305
282,1.4920044575146463,1e-05,5.966722611408247,11.249072969511873,3.5471989143459712,2.559411019859218,19.927265569710947,4.2792029394711095
283,1e-05,13.469695767164257,12.378911846747574,6.771540070669665,3.26110759110023,9.335308565405079,1e-05,9.172246671699323
284,0.29347811114476735,4.255126426598813,7.151000844693393,7.5729260098929645,8.197471386471781,13.983277549025082,0.5863495069394968,4.690283874451397
285,7.925595093529254,3.2885789296621426,11.37644657622393,10.028637581678648,1e-05,7.567589056145119,1e-05,7.286644844701902
286,1e-05,9.277474815002815,1e-05,10.537358463581983,9.38140112499476,6.415806014860115,1e-05,7.6926741898431885
287,1e-05,2.417944806216167,1.6351194101673068,15.226310248543301,6.840351442510945,1e-05,2.0002556625841947,12.133094742658454
288,3.1406630726741027,10.19523853988628,1e-05,0.6778592341378812,9.351098473312565,9.826830176487164,9.59396852762293,7.5717306819669306
289,8.559097885544102,1e-05,22.581339908662457,1.2601514537586562,1e-05,6.369760310113204,5.220705874852198,6.9603394586701794
290,1e-05,10.941726637148626,7.253808260238417,4.894781818262341,9.818306983461712,1e-05,4.998632086481924,6.10603797417003
291,1e-05,1e-05,6.419591901540863,3.853670393209756,9.078934407347626,1e-05,12.830272346009561,11.623990193021221
292,10.124658092767662,5.886986611169866,12.127341774668803,3.087912733785719,2.9491842877927588,4.611610601994662,1e-05,4.267593755442528
293,4.7371469171379434,9.622735499145588,1e-05,7.841033739781936,5.238800353316299,7.026904093158585,10.725321197196156,3.8763638483186185
294,3.224647675036577,19.800796425933605,9.655279082288063,1e-05,4.725500338051327,7.146708798941465,1.0257929215879424,3.1563953775098303
295,2.046776200931481,3.270129043281911,4.090975527542842,10.796842794068938,1e-05,9.430471060465234,11.21578942633484,7.12705872873383
296,1e-05,4.2348140776367,13.136755223764068,7.007770453924064,1e-05,1e-05,10.127401128237638,11.115738762633582
297,11.528037449795507,5.26619360880451,4.94014362408955,1e-05,8.796774929912484,3.4522181317680083,10.492864475843627,2.602315085808257
298,4.894620936724844,2.595860573925858,1e-05,22.27132364565616,6.913825664516577,10.849804620743086,8.811180899258126,1e-05
299,2.723902606658871,8.193713425583892,11.09723949041619,3.126330541530948,11.291711791492903,5.731643317517308,1e-05,5.0915150362573325
300,9.176460827584384,5.099206865642853,0.6952638236679891,3.228927705284893,1e-05,10.995551661482903,9.007369918670923,1e-05
301,1e-05,13.633620837931256,17.030009704192025,7.216006573477615,7.595650893713201,5.018073304252824,1e-05,1e-05
302,11.615463274569855,2.2236443074136347,16.500457391968347,1e-05,8.583467766883349,8.01740148506112,0.1768010484050286,6.522689218257925
303,1e-05,1e-05,1e-05,7.00584696453204,11.12103361456006,2.6099200835285217,2.2326455451037077,8.388714554109463
304,1e-05,1.9044194593790305,6.142470603236558,14.55564164113178,3.6995327621816085,10.713271399649496,5.115648113337548,7.6968333675658585
305,2.694370081188762,1e-05,1e-05,3.0865582015515725,5.1888197287410085,19.96585303891606,3.6125078461220133,12.11658486371905
306,4.802986617841382,10.550271262776633,5.244256577170286,19.01596516758275,7.621884956144513,1e-05,6.84756625023883,1e-05
307,18.24862828594674,1e-05,12.409376067068838,3.2732852733092113,9.272053186191492,1e-05,1e-05,1e-05
308,1e-05,4.799697746377137,11.752729847303891,15.5262852899013,9.881519678334286,2.6460816450719196,1.4707628936127284,6.7776372902068145
309,10.381479064123786,7.418921668424326,1e-05,3.2070247554233586,11.198071785393418,12.052885327858412,1.7276257720087085,3.8252305192433695
310,19.282643761137845,7.790389826532024,6.382465099391729,2.69322743437143,8.254326098137204,5.107895790794581,1e-05,0.1447018326730624
311,4.395819109105539,13.410355150317528,2.2619677258350595,8.02489488777847,11.48766770495884,9.369573478520758,1.795223188431598,6.089784549821417
312,4.313240771571442,12.331877451621574,3.7154266278910675,5.250142831765181,9.888311602571845,3.5149487301815143,10.613324416530244,8.912418271892218
313,12.225858461945096,7.0501103355033505,3.1535826573374575,9.137948659221536,1e-05,3.861712549415882,7.1532643186949105,0.8956530174607646
314,3.9395602838862844,3.017133163245682,1e-05,20.15848095679254,1.8962541264451933,1e-05,2.638169867228358,7.37434597117669
315,13.876951457327008,1e-05,13.212987517844628,3.923324844310053,10.622522789716234,0.5294998307565568,5.763582722256529,1e-05
316,5.265440669870781,8.818467877956364,4.075961027197892,1e-05,1e-05,7.398153672142673,5.1645897934872185,2.5360645015404253
317,1e-05,4.437058306259056,11.841912330617905,1.1040603485938068,13.244801197829794,5.167401977951026,1e-05,3.7770941433578926
318,1e-05,1.686053295930008,1e-05,14.628394031396079,3.873543249458113,17.514013136136192,4.562784087727734,3.196413434417433
319,4.524923348883794,2.47798185325779,4.900499359655516,9.113799993257008,7.544297765134392,9.019834803230989,1.8371693134866127,11.406373184621714
320,1.4886623693213556,11.872434494755947,9.898108486527152,1e-05,1.4470418820146467,1e-05,12.981945406997738,8.14689137521481
321,6.289366738429073,1.1908055757668334,1e-05,1e-05,6.257060903285443,13.439666360751454,8.764181478741092,11.888731358938728
322,1e-05,11.603475614786982,6.357743889574773,1e-05,13.158837730469422,7.27350403426009,11.000872506927664,8.14959293949625
323,12.774616991186337,17.364478943130294,1.424455414001288,0.8580762947731857,1e-05,4.399293205507806,7.785105727515347,3.1622959991595576
324,2.067695455386469,9.238224090433468,3.171140089312767,2.835546536310247,5.676381987537543,7.954319303796688,15.968311725725727,6.681198588355306
325,5.8411464522332395,10.503884710539287,2.9325772851410075,2.0597710463739016,9.903846852953325,11.645798550344894,1e-05,1e-05
326,3.825889630652966,4.855911620862566,1e-05,1.4377222506427079,8.416029045405297,7.566750240775,7.774844658600487,3.228354125972393
327,9.233499392162669,8.566297612505716,1e-05,13.682211833273012,11.26609897438817,1e-05,8.219429128031056,1.9046824331071732
328,3.8006526688154447,5.779078769119133,0.5104658665157172,10.145493736526847,9.46383377066765,1e-05,14.90393727360888,1e-05
329,9.241411996368665,11.170562379949407,9.408743987994054,18.543366594645544,3.327107045945379,6.578047157407237,1e-05,4.75977117153123
330,8.367876116008155,3.902461320704367,1e-05,8.84739979098243,12.183096935527283,1.200671759751844,4.082489904730285,9.656211074421156
331,3.153221039587391,10.727512568801757,5.5562713840932165,1e-05,7.181530879987747,15.600389137224683,3.5338709396078802,1e-05
332,1e-05,5.625581439155117,1e-05,12.178587403849903,1e-05,1e-05,13.201012539863635,13.068435162644635
333,0.18513942716197399,1e-05,6.448382721697481,2.522818910952513,4.014103356053164,9.919517817897248,2.36265124376411,16.33435636588372
334,8.105245995686838,12.225916192812473,1.7188634146264639,8.559316055903967,6.221697471379915,9.129711477293736,3.479426943875928,0.09324745827345776
335,3.3629107889582532,5.512832682041168,1e-05,9.317837399380084,1e-05,9.357184783886124,8.775049829294478,7.045841997181744
336,4.944902457866418,9.159745218876033,7.748389622591925,0.2075721555436624,5.171880348163098,1e-05,0.44854805561423233,2.4932275285276577
337,10.747170601464445,10.847946506896667,6.595156629218215,1e-05,1e-05,5.503609084833045,13.448647951165972,1e-05
338,1e-05,1e-05,3.8891290493239876,6.464133342256432,9.019087579258676,15.863877468430276,11.679756225528168,0.5271368575310064
339,1.7551400007062228,6.719724831641551,3.5803223450353836,7.542466820872546,0.5408149339683761,8.805023848477349,1e-05,5.1358952883214055
340,11.269275702497216,4.257325950661006,1.1002219240076427,1e-05,9.352394685314355,3.9242108264622613,7.325131708754541,1e-05
341,1e-05,9.816515677886148,13.713628185664446,3.9154803146178057,7.073425864171703,5.84481074785875,5.037014136225339,9.838222113914977
342,1.4472973975839591,2.670331012665443,2.8053607089611163,2.4210159007743544,11.01954207559574,13.177283509877167,10.58652909185999,1e-05
343,1.2610396640554085,5.981977141254261,1e-05,9.623847602493353,10.335890552955732,1e-05,6.25309333644216,10.592057562709206
344,2.5960101949346246,5.385372731354866,3.7160657127303596,6.386887292881165,1e-05,10.656767404992793,5.945061494653764,6.709698163177573
345,13.617450878150153,9.160421791272226,9.294222546207966,1e-05,3.1896040632054876,1.7007329536138307,1.4235596400026709,7.69600001938147
346,6.069220743639026,1e-05,4.784453656524476,13.956623664910715,12.731521564161765,6.003872469567413,0.428090320371696,3.501719842193933
347,6.37980789212698,10.07236835739699,9.15634168827235,1e-05,6.602491891074277,1e-05,5.219668652720257,1e-05
348,14.068362515180867,1e-05,3.070257124463597,1e-05,6.902312525315433,7.370197117664723,1e-05,5.448442497336209
349,6.148008612936186,3.025320557163334,13.174280324513607,8.085487485672905,1e-05,5.36698775877059,6.916221565884785,9.338415667328196
350,1e-05,1e-05,8.672126841114373,12.449756259632098,7.522557076539277,7.982616482183706,4.401041423550108,1.0743417769763013
351,1e-05,1e-05,1e-05,14.197131494097256,4.888009322913856,14.446928531698864,1e-05,13.602719188220448
352,1e-05,6.558011002167907,8.757581936861365,1e-05,10.428019425576592,1e-05,11.53159386316831,17.341361554071412
353,11.787033293644873,1e-05,4.17212933357617,7.73774024628416,1e-05,15.88810363384892,1e-05,3.8601444415696506
354,1e-05,1e-05,4.777065978513792,14.08251598562088,1e-05,8.772741949026686,10.620436728623297,6.243151958043341
355,4.706165662422272,17.952985579308855,7.255452079697895,3.1341819700982216,1e-05,0.2950463906745278,1e-05,1.509410082797209
356,12.383956586542665,4.65551507593319,16.449252696946242,0.13698083709685788,8.466829635232555,5.724978431513272,5.226040858559334,1e-05
357,1.3755016100197208,3.697992252754399,10.9343229053219,13.452528168983601,13.52521154799399,11.10713227740048,2.1736331684099177,1e-05
358,5.6823103665062815,8.308853917696982,1e-05,18.163023161921934,1e-05,1e-05,0.3079330714720109,7.994946972116036
359,6.065921680159158,11.302631903292234,1e-05,2.630130056124558,8.12667349222893,6.0750331115807,9.979896569996066,5.324334136727967
360,7.216856727394895,1e-05,8.007665447553881,16.333737506031845,12.172995902423816,3.120876417839385,0.9301470278238443,1.4277213785198408
361,11.525845892107233,11.280902116162219,1e-05,1e-05,1e-05,15.797939811222617,3.8496439128838276,9.424891210524446
362,2.9342574476458823,7.595371568389785,2.238411317332718,4.185040593054662,5.991460094617303,14.346280073796963,6.215670454362403,3.454847433308414
363,1e-05,9.72926788627219,13.807137638789616,7.355869196382091,8.13387585583288,4.776974352191553,1.7803954008506695,0.29641991376613114
364,1e-05,4.650594561029925,7.9252305283699345,1e-05,7.478510406780945,14.57871599726012,12.305131129920602,3.7131926222327474
365,4.19280788562787,1e-05,4.20331281558717,0.18614045379484298,11.010089911800883,4.8507695709981755,12.704922740424925,6.66464169621571
366,10.591939025184328,14.372895100099232,2.3061346704250494,1e-05,4.47806614271785,1e-05,18.294974456631447,1e-05
367,8.45463168703042,6.841752872382599,3.8604036913398727,7.912864208105877,13.786212827023423,7.90800298710622,1e-05,1e-05
368,10.759346959543178,12.245457707497028,1e-05,11.902421215319388,1e-05,3.395216329618357,4.2730581656534055,5.480221732738349
369,4.474699612738708,4.496949567131026,12.47845788594477,1e-05,7.60893492967188,6.166014266222791,1.7622665166939246,4.637293637792325
370,11.269970247671433,12.59081699520316,1e-05,12.210399658257392,1e-05,1e-05,1.9190107502533507,5.676912382906169
371,8.79035245495469,7.3794072165475075,1e-05,2.864966739876503,2.2483497207896583,11.862648457825106,2.380500318526925,6.758168960298866
372,1e-05,8.34163456471655,11.800846672659315,3.7727141172768524,1e-05,1.3980097458651628,1.8032198310050274,5.383579030382325
373,4.5423431527623475,1e-05,3.774488442238632,12.116461826840043,12.133416798389733,1e-05,4.751826325237136,1e-05
374,4.5331730960447345,1e-05,2.046875302500162,6.01500098309222,4.0636020995967925,1e-05,9.593624591214526,19.64235181479129
375,8.109989132634135,10.998767413684789,4.912539768768356,9.614639729278586,1e-05,3.6151452397927293,4.007601417479851,8.929156503413102
376,1.3858247879353276,4.734504892926066,17.66146093436685,1.679344845141447,0.49583293485257174,6.63794379836417,1e-05,1e-05
377,1e-05,5.386932211706435,1.3857081883702345,16.923673607660735,3.1862959236530966,8.881318870389006,1e-05,1.3793004712707506
378,7.284197914256157,10.980202063415673,1e-05,9.258601484582243,6.69148466635121,5.240862808174088,0.13034217679838864,12.277994743512755
379,8.563339168409291,3.8261247821250652,7.445594962180138,8.779902532981847,0.9237889242953264,2.820559458964079,8.150581811959187,1.3277514274153894
380,6.923083485470386,5.544759062747952,1e-05,1e-05,13.048578053677884,6.123751587859857,7.060910665443157,11.112469221258555
381,2.6642578556015066,1e-05,1.6195019355052347,5.126572430540313,1e-05,12.093780209792692,0.5348890242520682,14.466244949457316
382,11.162813096889248,1e-05,9.838715888479355,1.640674019728882,9.756283385325537,3.540311502842511,11.001851531986901,4.977518238237883
383,4.649374236957072,9.772063624987668,14.203650646443682,1.7405399070479555,11.511553571123518,3.2352057887546177,1e-05,7.429859002056402
384,13.422540667357277,7.291884865507019,1e-05,0.657254663982218,1e-05,1e-05,5.773230358815593,12.456775297686328
385,7.1117764458291735,3.9369352227619707,15.510692864293768,11.05752361137147,1e-05,1e-05,2.7870002738309783,8.672503385350504
386,14.125197736210364,5.995313645482788,6.65064844946488,11.666840795511623,1e-05,7.971648493727382,1e-05,3.6178428586424087
387,3.956101430265598,21.234233128651944,13.604823518744542,0.8365200662680317,0.17636913063635354,4.6659919579522535,5.054431925871166,1.8276196942122858
388,1e-05,13.43526422006309,4.579386821590057,1e-05,17.370632147819908,12.588663671092826,3.5251737543033803,1e-05
389,3.682365458914604,1e-05,8.848082977694025,11.244255509678796,1e-05,9.022831681622746,4.808692857679495,12.97555838675974
390,7.679036881182969,11.374878080465876,3.3081799418259146,1e-05,1.5440159358571484,1e-05,1e-05,16.941032879372006
391,7.835436699999638,1e-05,15.250554426037274,8.522622965952793,3.4546991543932495,1e-05,4.2618236414576804,6.392703415174785
392,11.621885551439837,1e-05,1e-05,1.9438662324066012,8.927416287815626,1e-05,2.2266698025172227,14.924990656822208
393,7.526249471943352,12.492768013797125,4.028353344727288,1e-05,1e-05,7.6849756374919895,3.7000563396889636,3.2822710627728235
394,4.6175446896571914,8.604738947919103,12.854054706608506,10.442984878833979,3.9234820857989496,5.692210782824841,1e-05,2.7499508228531746
395,7.486530621069352,3.900537468582383,9.542699981912213,2.2876201226774877,4.41559927754658,1.4968216754204147,1e-05,19.900749130500643
396,7.186277419514514,10.622654286817577,1e-05,11.552945852085475,11.837551811279173,1e-05,2.8226236556182824,12.862202392860253
397,1.2569233553216808,8.37512818069494,0.5081211838136284,6.0002739493797925,6.984004457226328,8.391313461896006,9.508722513540466,6.055667067292842
398,5.937961668679726,12.942004499396429,7.627939857365925,10.341941024719683,1e-05,1e-05,10.605557973321135,1e-05
399,4.765226326802061,3.5498253158330964,1e-05,7.121215414463847,14.614136046779116,1e-05,1e-05,16.083998001571175
400,6.419242527795257,10.679510393290068,2.6754268943058497,3.7964898804600735,9.065135986397006,0.4708848895638639,1e-05,7.30675247750047
401,1e-05,8.459900981881907,1e-05,12.631673602226583,1.950558507913086,5.811222937175657,9.985499441131346,1e-05
402,0.4228912400183029,3.6691685152028155,14.43043855550439,8.675862689806312,1e-05,1e-05,8.410664757145959,9.318897375204601
403,3.887725832401345,3.9171829939653446,7.8001780754228,3.9973219010208694,12.360044441946252,14.252732710158993,8.186127892613491,6.408696780617719
404,5.470860098898993,5.770215505537978,1e-05,16.61176427693586,1e-05,3.0014849882079093,1e-05,1e-05
405,2.508850564939462,8.863230754880066,6.100323678277726,14.843559429741722,0.703625765790325,6.067289098349036,6.527055602980673,2.604731150996946
406,0.9607039195150052,9.263089158328038,9.201599116736594,1e-05,6.854072135435348,13.878320890154079,8.435306889252137,8.142655617626435
407,5.1892173863528335,5.526069537469016,1e-05,1e-05,6.927795270942461,7.236367210787083,24.42092005341285,1.348040577008768
408,5.997658846747169,6.009320779073604,6.524514173011821,1e-05,6.112868521966924,1e-05,9.65750200608277,17.410104707662015
409,9.676765269342795,0.2937933993659437,1.4823033375645929,4.049611391326833,1e-05,8.842351063804953,0.9670748969189538,6.777757953191256
410,1e-05,5.837088581191937,3.599884453940701,5.293947137603388,0.7722531880446876,13.175038154654732,7.453809079796365,12.586653410470845
411,1e-05,12.660312968032866,4.052830055976547,8.271753385983311,1.5824661720222157,1.4364934870123907,4.694226119349089,11.71270675996582
412,4.343304012588576,9.999642782867705,4.5640279107127775,10.133126554053987,1e-05,1.658354994028236,16.06947688882417,1e-05
413,1.3206338035572078,1e-05,12.328809819112486,7.98990309511935,6.359252914329721,8.838860793552895,4.223393241080455,8.229637908689027
414,4.611553445054237,1e-05,11.151915378513669,3.571810882465447,1e-05,1e-05,18.16567002443001,2.4474966622751713
415,4.386940194870016,10.462889322167944,6.490958358969803,6.867256821385877,4.818232323428688,8.47041102226364,4.314817982953356,9.285021168196682
416,0.9862882300090839,3.439588218077401,4.088352373644037,1e-05,4.559709472178071,4.347003658466702,10.451970147220527,1e-05
417,3.807296640397971,8.094672392799117,0.7267788705924463,14.737122053713549,9.647436356095081,5.738045973653607,8.888294508819262,9.83723756975781
418,1e-05,10.564207794449207,2.8450644034691566,8.926586074021015,8.13081739403442,9.652102726149371,3.729982289837494,1.702458494443539
419,3.1174675925157658,18.780060734172714,1e-05,1.2993859125017286,9.65588515639212,2.1440296003135546,3.728240589884162,7.881275844795603
420,8.051419465511394,1.5680726573477601,2.8186755606470673,16.808604543281554,2.278203680239118,1e-05,5.601040552005337,10.343683308453965
421,17.34679119650738,6.020835517583253,3.824134859756396,1e-05,8.05997509071523,1.1005541932771021,6.579645921106883,5.4000573348288565
422,4.096129185786335,4.720788072424292,8.6651639535573,4.9248447387508465,3.771307853102385,8.613130064230813,11.47755499220684,7.095146681724023
423,1e-05,12.394584161391043,9.247148320710131,4.510887383996429,3.3006984022695334,9.445721510810712,9.26074461832196,1e-05
424,1.4993340889019364,5.062953803233593,3.0024043854956615,11.386560705222603,12.834147490798966,2.184669297206304,1e-05,7.59777083989455
425,18.60233636014538,2.0645756511831848,0.3509527235339095,8.037570394668947,6.497021563878747,2.356834377647358,3.9035485169632995,6.9602181568544825
426,6.938068166376282,2.765641176061275,1e-05,3.5219427052257934,8.786735812274767,11.335866435127864,4.365595404931743,12.195289275258302
427,8.911541118201818,3.9274202460261343,8.001314086688776,4.1654538529349106,0.6339707856827991,12.190128450453146,8.783158469241094,3.824952595689367
428,2.2634596710230785,7.06212045142087,4.7300361990493975,12.020999417218281,1e-05,11.452540983014163,2.3587920614591003,13.912605751083925
429,7.432990798915246,7.226699622291285,7.665511954845811,11.17066816778364,13.095804092923245,0.9995690941314709,0.39430031398106086,2.2849301967668176
430,1e-05,6.7213195589849,8.841598812697613,0.048964091070935925,1e-05,11.556960808469253,8.15982565898695,7.054643298430895
431,9.138974147985646,2.3660197520655424,8.995396694702707,2.5410126470725554,9.241342327937865,1e-05,0.6326576032130365,10.231611807336886
432,1.96624033953552,9.421161513139571,11.084167436228213,4.730627814006692,11.191933979506713,2.4465459337955453,0.40852138076454264,7.285412510277604
433,12.459463030523507,14.434579329475058,0.20911865292449452,0.22563385944374267,1e-05,13.791239969446995,1e-05,8.966213782910641
434,6.31798478492112,4.304719117418667,2.674356792665976,9.215133959645927,4.22089029747926,18.102183489402197,2.396419411468804,8.391225604804086
435,8.227350701800054,6.692870794560257,0.5458988597585853,4.682021922945377,1e-05,6.090687620398094,9.99174862694057,7.372382352862833
436,3.8271789126048215,14.007013847389695,1e-05,1e-05,6.625587727477799,3.1751752786178407,14.269140204099152,2.052835823391441
437,0.611640323697578,6.046297003058276,2.004762642094225,10.81780090464904,6.9269370375639605,1e-05,15.549110679317078,6.93159983668518
438,1.5455477319333888,1e-05,13.674979019681148,10.031922420518198,2.954024647432945,7.6292502576814964,3.9469339864440878,8.716852966595917
439,5.654695342514684,8.50663214724871,9.483380563048,0.9099462935693361,4.2063400395911,6.030322097802709,12.721219135292102,7.236150495770969
440,11.7514473647772,11.85574924887559,12.022744216732612,11.56814512992572,1e-05,1e-05,6.44120114722687,4.130388999199174
441,7.508740781032108,2.9196954522949743,10.207752945772238,1e-05,5.25980087811497,4.268146362916833,9.622609722571132,10.684900121652591
442,8.13562598877368,18.91521459225774,4.004462437296795,0.28246540878660054,0.029500825812794056,1e-05,10.894161595253538,8.736768564809564
443,7.038473598476234,11.740896310763096,8.67133558740797,1.6337158340785098,6.82021201939615,0.6449782448474848,5.831013767066629,2.4211014467992875
444,13.809717121381917,1e-05,16.70864090626216,1e-05,5.990156489812521,7.144557671558322,2.962729879808395,1e-05
445,15.643252006759637,1e-05,11.21748950841324,3.000068043691262,1e-05,12.395291865218,1e-05,0.28187106514387683
446,9.878223412783557,4.227120743466012,5.863166903993886,1e-05,6.363712716064714,0.6391946392563,11.171018544762704,4.504277337430603
447,1e-05,4.982899784352476,11.957051037683108,0.94043601126301,8.52422061032258,9.41032027796674,6.293094698557217,1e-05
448,1.2819300123967974,5.3895868130883695,10.908356707693994,4.665303357084634,18.232330673036444,0.32395361891027014,3.5936875262130017,4.662869138995249
449,7.393585774071017,5.062813749822284,0.16826019562528208,5.33904784746296,5.4813277207371645,7.980101338072333,2.8770085266104255,16.763146936353266
450,1e-05,13.586976179466905,11.518789358621556,9.109556933893806,0.7832356334866719,7.681477334908196,1e-05,10.8612206578363
451,14.085295104881835,2.3705041701880036,3.120946598707221,6.251417416110088,11.681122349308831,4.520841663118757,5.7604293656681085,1e-05
452,16.42159551303235,12.566490004036101,1e-05,7.010388291977163,5.345283662911751,5.390716200930654,2.7513429094919264,9.59927124941285
453,12.885923660032084,1.9694792516321213,2.791213125559503,10.771316770610266,3.0865488947194106,1e-05,5.876726494381463,0.4467797606223614
454,10.624752977074735,1e-05,12.022752070367417,4.638909518345547,11.768655388506897,5.624746554152806,14.672533996855577,3.807316644374563
455,8.125224428681431,13.299584994815765,12.527583524128664,0.5226150087242203,1.6401712434819484,7.248115588313934,4.2539510189972045,1e-05
456,10.972168591468572,4.02020090773824,1e-05,15.115881046284988,6.8817776111902225,7.512861774900749,1.3238682047332702,1e-05
457,1e-05,1.3833313472488793,6.805558098175261,4.295612929445608,2.9658829688699573,5.675484292049183,11.014103932552622,5.048870896632952
458,11.301190987075513,1e-05,11.966818854396779,1e-05,1e-05,7.967679517232511,10.687693131649736,5.462963066404222
459,10.763216889717176,1e-05,11.317896624381362,13.758711851111702,1e-05,1.8658004252091047,9.422118109241953,3.9237194087248466
460,6.076364189473026,7.371696061523568,10.30039221644894,0.2677298748446766,3.734512634480258,1e-05,7.323635946691016,12.538540856758132
461,2.619236078692755,9.518174594231727,1e-05,2.70421418061098,6.899117356932496,9.859767899488201,10.072976884521673,10.769246359310808
462,1e-05,1e-05,1e-05,0.8051006436763095,8.346371976373948,11.363179217271883,10.81685507429663,8.1954596796916
463,4.640809696567896,6.131024129663219,4.8305518530875,12.540822196111403,0.8165389123807025,4.604661468614287,12.145359343137264,6.851796059372062
464,4.426876017533331,4.06054754017003,3.0784629600629443,6.709422478306251,12.667176666873864,1e-05,7.046920920104548,11.737264202117313
465,8.59504109274651,7.267481965815429,2.443978890870125,14.81799692276186,1.4193366205752893,4.414269524826437,15.943548402004676,1e-05
466,15.768951693569345,3.8719596103811194,7.525609158008246,5.497765531796475,3.8075440828430676,1e-05,6.437473154417395,2.9507981934943843
467,1.9502719279164416,11.48789275016545,5.385901163149213,1e-05,4.360471241996176,13.398543874831637,8.60953691751228,0.9774469632016032
468,9.675108110021904,6.927268136574722,2.0042958197645637,4.027049113147467,6.8679614495371935,8.372683622925917,6.699384102242123,5.8073704091208525
469,1.6814945652623676,15.81949329581378,3.7445324612964943,2.106144517403436,1e-05,11.936518667076074,1e-05,6.304754311567369
470,1e-05,7.260799501573946,3.230373071924267,8.66193267129044,5.533521613724447,0.39060874357141906,5.130622292099464,5.727450597140551
471,6.119083000110274,0.4010935779625723,11.187033638346042,1e-05,6.600669577526474,14.745174569551903,6.689876853530757,1e-05
472,1e-05,8.56824318413266,4.0877161005608045,0.39961173000602745,1e-05,12.497779225785983,9.46001718045917,10.012371746777042
473,1e-05,0.33153727787643295,8.615160660787447,1e-05,10.70462308126265,4.707593237031537,14.930963321129754,9.96120442485414
474,1e-05,8.111959990643363,4.284393127349019,8.447550929847427,10.158777631326183,9.097765078773154,3.8257624185531562,10.517972095189307
475,1e-05,10.965177105884155,4.693933675395321,5.25923241610836,8.292891753151357,1e-05,13.121467093400678,0.22062545197985453
476,8.418594023269648,1e-05,5.483621224178451,8.562287536564748,6.253718798040119,4.347350841161796,1e-05,3.4537928929337256
477,10.610382200379112,0.4519499898519741,13.174023047359709,6.743768845181297,7.671477779894446,4.968189358013601,14.958000628429662,1e-05
478,8.610292748473812,7.5216770564033055,4.33378009893472,3.5366797686878884,9.395456395064256,1.0442197170465422,2.187138183618777,8.521691537755038
479,14.298711160646086,6.379720131765225,2.7879851403445994,1.5372704572374376,0.7216200729855269,7.63577138785603,6.3738826801833275,1.968536667711934
480,4.612060047743033,12.557321929697503,2.1149786376872917,7.089805407277369,5.461948282375222,9.35450751287315,4.111378212658929,11.313068939571068
481,1e-05,11.607059078812254,9.475312081965773,1e-05,13.331903578274641,0.04009693408269755,13.083580121358649,11.337226437974804
482,5.945534051540564,9.204147712737646,11.773837641887246,2.717579185805829,1e-05,5.518797055172386,3.5191875609544616,3.33538375323068
483,5.325591581798819,5.346320256653872,4.996649848236863,2.2232466403226274,1.9849750280187042,1.6916760058349491,13.472709435893938,10.824376130886066
484,0.8551328825901352,6.243485603298917,5.146719024169626,13.249120331891316,1e-05,10.880375978145759,12.890008760434455,1e-05
485,6.09466894423988,0.13858688846007378,4.244187428194749,5.400464760775376,0.9705876853747301,9.64034891570964,8.705890370355979,10.82915192121147
486,1e-05,14.785481515638041,8.172112277391026,6.297624167896634,1e-05,1.5659772675580297,0.06656968104616999,16.095453909026116
487,6.5365451837875534,3.6968589174165465,4.795382310070465,6.756492133128657,11.240580398555766,4.825607530090984,1.0838999819560782,1e-05
488,0.2958806516412385,14.34759728880198,8.979234835741039,8.585410329866852,1e-05,5.631889955874028,1.5555297307132503,0.2859120671487598
489,5.264985446837657,12.609538567218284,1e-05,2.949319780147685,7.1012822449596005,7.784276723258045,6.407647992730224,9.6059553736455
490,4.211119956136215,1e-05,14.971919898713596,3.2317691133181543,7.846982912892157,1.1807666521121967,9.072736521113388,1e-05
491,15.829728169031972,1e-05,0.3968084804654593,1e-05,0.24513017256551786,2.9239277159817365,12.277697122932421,11.211527192072062
492,9.36676599602315,1e-05,6.282805765808444,9.621581455697433,0.40350388452469527,1.9907816888238137,9.112021964798032,5.743499072846108
493,9.474907303975707,17.475032960765596,10.10502622225339,1e-05,1e-05,8.652136214445555,1e-05,1e-05
494,1e-05,15.478578436573045,0.10565721345198349,1e-05,4.584306543369975,5.463171489784022,17.25096421797674,1e-05
495,0.10899269027570195,10.098257924408028,3.478057724305301,1e-05,14.198654064235761,8.625218837609944,15.876029195784495,1e-05
496,12.814713135675586,6.4516179900114325,1.6489218953283518,3.2912803022897235,8.991180918653177,14.029386408233279,0.0012544948261592145,1e-05
497,8.635175388691117,4.16674581897524,5.323686025327953,6.71720902125424,1e-05,17.66118003969085,1e-05,0.4439616302594338
498,13.351438603000263,5.630768003681848,10.7255369556526,3.964157183596108,4.285936714758904,1.3530116106610475,1e-05,4.8532709690273945
499,19.928861862562005,1.788344474674299,0.8505241191197732,4.960992176998695,2.339274339165808,1e-05,1.7060332991244544,12.165116083953283
